extras/deploy/testdataset/elevation.asc
NCOLS 611
NROWS 446
XLLCORNER 590310.0
YLLCORNER 4914270.0
CELLSIZE 30.0
NODATA_VALUE -9999
[rows 144 to 167 of 446, columns 0 to 54 of 611]
1327.34082 1304.28186 1286.866455 1274.887085 1263.218262 1254.723389 1257.686523 1255.068726 1249.932861 1245.018433 1240.770996 1233.923706 1222.95459 1210.733643 1201.942749 1195.681641 1190.152222 1185.390259 1177.762085 1170.295532 1169.03833 1167.111938 1165.312134 1163.7948 1162.596191 1161.404297 1160.136108 1160.216431 1167.058105 1173.500732 1181.415894 1188.901855 1197.962769 1207.496826 1217.815308 1240.70874 1255.443848 1273.171021 1296.203979 1337.08728 1346.352783 1343.024902 1335.758667 1329.110352 1321.78772 1316.372925 1309.934692 1305.719849 1302.781616 1304.060547 1301.866333 1292.352539 1287.788696 1283.504395 1279.140503
1333.147217 1312.151733 1295.839233 1279.947876 1265.861084 1253.28833 1241.898682 1237.820312 1236.566528 1233.940186 1227.587769 1221.49646 1214.7771 1206.467896 1198.943481 1193.040405 1187.586182 1183.94104 1176.278809 1170.539795 1168.099976 1165.897827 1163.722656 1162.182007 1161.299683 1160.69458 1159.656006 1164.00647 1170.086548 1178.809082 1187.786499 1196.064575 1204.213013 1214.398438 1230.860352 1249.054688 1266.24585 1283.432251 1312.665405 1341.962891 1346.924805 1344.340698 1337.798462 1329.009399 1321.320801 1315.392212 1311.674805 1308.016846 1304.019897 1292.843018 1295.675903 1292.757202 1284.97168 1278.622925 1271.831909
1334.231079 1316.880493 1301.622925 1284.169556 1269.431641 1255.449341 1237.672974 1227.984741 1221.036987 1219.537354 1215.603027 1212.810791 1208.696411 1200.909912 1195.133179 1189.533325 1183.449219 1179.726562 1173.522583 1169.572876 1167.061279 1164.734375 1162.621216 1160.836792 1160.370483 1160.543701 1166.461426 1171.261597 1174.440063 1184.376831 1196.429932 1203.670776 1210.560669 1220.372925 1239.042114 1254.200684 1273.318359 1296.986206 1325.818237 1346.222412 1347.309082 1343.562134 1337.368042 1329.680908 1321.565796 1315.563843 1311.816284 1308.358154 1304.714722 1293.965332 1292.897949 1291.958374 1286.01355 1280.949951 1272.687012
1333.116333 1317.105347 1305.922729 1286.795898 1271.238892 1259.6875 1247.063721 1235.27417 1224.423218 1216.192993 1207.871094 1206.223755 1199.882324 1194.316895 1191.412476 1186.834229 1181.627319 1175.721802 1170.862305 1168.422974 1165.977295 1163.939941 1162.066772 1161.914673 1164.747803 1169.417847 1175.92334 1184.578125 1185.889282 1191.549683 1201.610107 1208.547607 1215.419556 1228.136475 1245.935181 1261.514893 1281.054321 1306.319336 1330.746948 1348.044556 1349.636597 1342.96814 1336.992676 1329.060547 1320.119263 1314.478638 1309.943237 1306.751953 1300.46521 1292.533325 1289.533936 1288.653076 1284.270508 1279.306519 1272.306885
1330.185913 1316.223877 1304.950562 1291.181763 1280.890869 1277.205566 1265.437256 1246.551147 1234.042603 1223.458984 1212.48645 1205.916138 1200.789429 1195.950317 1191.403809 1184.170776 1179.475708 1173.71814 1169.733398 1167.25769 1165.120117 1163.497681 1162.075317 1163.56958 1168.890869 1174.980469 1181.865479 1191.264038 1197.697632 1199.976318 1207.382812 1216.219482 1223.932983 1240.754272 1260.563965 1274.532227 1295.39978 1316.951538 1336.869873 1351.789062 1353.811401 1347.396851 1340.383545 1331.059082 1317.395508 1312.516602 1305.735229 1302.062378 1292.987061 1286.804688 1283.031006 1283.640381 1282.246582 1275.834106 1268.305298
1328.213989 1315.251221 1305.480225 1301.133789 1298.596802 1293.271362 1280.411743 1259.977295 1244.756592 1230.129395 1220.428955 1212.288574 1206.226318 1200.125244 1195.456055 1186.544312 1180.92981 1173.319824 1169.409424 1166.105713 1164.272827 1163.053955 1162.004517 1166.343384 1172.074341 1180.206055 1195.612183 1206.434326 1219.25293 1216.250854 1217.532715 1228.834106 1241.173828 1256.585938 1269.889282 1288.435669 1310.269165 1327.041748 1344.504028 1358.47644 1356.956787 1351.374512 1341.956543 1329.261597 1317.296387 1313.024292 1306.702271 1302.398315 1295.056519 1285.628784 1279.387207 1279.892456 1276.752686 1270.018921 1263.012817
1327.00354 1314.792603 1309.816528 1308.106812 1302.398071 1295.299438 1288.419189 1279.083374 1259.597656 1245.473999 1232.660522 1221.322754 1211.675049 1204.198364 1197.575684 1189.567627 1182.531128 1170.404663 1167.001465 1164.580444 1162.901123 1163.030029 1165.42981 1171.355591 1177.690063 1187.604736 1203.391113 1220.286133 1232.689453 1230.616455 1231.024048 1244.945312 1263.512939 1276.637817 1285.810913 1299.922607 1318.862305 1336.231445 1354.35083 1359.760254 1358.392578 1352.687012 1340.048828 1331.026123 1322.081177 1314.644531 1309.805176 1305.751343 1299.450684 1292.806274 1281.955322 1276.792236 1268.480713 1264.926758 1264.939331
1314.769165 1309.065063 1308.942017 1300.654419 1283.446045 1274.916382 1272.842285 1268.371948 1261.400879 1251.207642 1236.59314 1222.248169 1211.590332 1202.868896 1195.882812 1185.300415 1173.374634 1167.321533 1164.058228 1163.432617 1164.373047 1166.740601 1170.261353 1175.849365 1184.885864 1196.562622 1215.055908 1233.865723 1245.617432 1248.180786 1248.710938 1260.118774 1277.102295 1288.282471 1301.709106 1312.905762 1329.557739 1346.366455 1358.811035 1360.160645 1357.87793 1351.634277 1341.813721 1333.016724 1324.144531 1315.363647 1310.311035 1306.684937 1299.77417 1293.284668 1284.954712 1277.856689 1269.312134 1264.598755 1272.43042
1293.818726 1286.453003 1292.040771 1283.32959 1270.061157 1253.393311 1253.434204 1251.201538 1248.110474 1243.63501 1229.387939 1214.297729 1205.254028 1194.128662 1182.348999 1174.192871 1168.283203 1164.621094 1164.52417 1165.748535 1167.368408 1170.497437 1176.470947 1185.318604 1193.26062 1205.821899 1224.411865 1238.828735 1253.669678 1267.577759 1271.422974 1273.270508 1286.470337 1300.33374 1313.279419 1325.756836 1339.851685 1355.500366 1361.275879 1362.472534 1356.172852 1346.810669 1336.395752 1325.813599 1319.322632 1314.155762 1308.497559 1303.915771 1293.32019 1289.925415 1282.946289 1275.858032 1267.239136 1270.36499 1278.257446
1270.909302 1269.710815 1268.809814 1264.579834 1253.537354 1232.365112 1224.066895 1222.416138 1223.548584 1231.275757 1219.581177 1205.467773 1193.356323 1185.738403 1173.742554 1168.868042 1165.925293 1164.604492 1166.468872 1168.886963 1170.988159 1173.106323 1179.835815 1189.990723 1203.234863 1212.522217 1223.559937 1239.336182 1254.802734 1274.574951 1288.820801 1296.75293 1299.929932 1309.540405 1324.962158 1335.951782 1350.015259 1358.702515 1364.33252 1366.724243 1358.971069 1348.836304 1337.316528 1331.237061 1315.898315 1312.293701 1304.830444 1301.974487 1298.441895 1295.104492 1287.456177 1276.130005 1266.331421 1272.692383 1281.604858
1260.162231 1244.912842 1249.174438 1246.804932 1234.856323 1217.675903 1204.525024 1202.875244 1202.686035 1212.022583 1208.714844 1194.018188 1180.270996 1171.244873 1168.460449 1166.600464 1164.919189 1166.275757 1169.04126 1172.307495 1175.800049 1179.123657 1180.59668 1187.86731 1199.601807 1209.367554 1216.679443 1232.786987 1249.559937 1267.682861 1287.483887 1300.744141 1309.434814 1317.736206 1331.282959 1342.375 1355.665161 1362.224121 1367.940552 1367.638306 1360.813599 1352.835449 1345.018555 1336.43811 1321.997192 1314.957886 1311.618286 1308.553589 1306.676392 1302.251831 1292.869751 1279.356323 1267.140503 1275.609009 1285.735474
1247.69873 1228.646729 1234.845459 1235.555176 1214.905151 1208.79541 1196.126709 1189.371826 1188.045532 1190.00708 1183.97522 1172.891724 1168.72522 1167.219849 1166.188843 1165.404175 1166.322754 1168.779541 1171.014893 1176.450073 1181.685303 1186.330444 1187.308472 1187.896973 1193.550537 1200.753418 1208.777832 1221.627319 1238.594971 1254.631836 1273.800049 1287.847778 1307.673096 1318.447144 1327.579346 1343.021484 1355.590942 1363.221069 1373.596069 1367.413818 1361.166382 1355.800293 1347.860107 1340.653687 1330.044067 1322.439331 1320.114502 1317.157104 1312.332275 1305.503784 1292.480957 1279.960449 1267.884399 1281.980957 1292.894165
1235.745483 1219.234131 1215.371582 1227.529053 1212.275635 1192.405029 1185.822998 1179.932861 1177.353149 1169.628906 1168.236816 1167.29126 1166.446045 1166.402344 1167.518555 1170.287964 1172.227173 1173.579346 1175.381592 1180.363525 1189.366211 1199.461304 1200.203369 1193.905029 1199.03772 1204.065063 1205.302979 1215.007202 1226.590332 1242.925903 1261.155396 1273.779785 1288.925903 1303.396851 1320.698364 1342.413818 1356.615234 1364.244873 1374.036987 1366.274536 1359.512573 1352.850708 1344.699219 1339.046387 1334.169678 1330.596191 1324.60083 1320.334717 1315.313477 1305.496948 1292.568115 1278.148315 1273.501587 1287.212036 1297.403442
1234.504028 1213.040527 1200.983521 1203.092163 1193.286621 1180.105835 1176.631592 1173.643921 1170.819824 1168.710205 1167.255737 1167.163574 1167.837891 1169.174438 1171.720825 1176.300537 1179.19397 1180.169556 1181.814575 1185.419189 1195.496338 1208.588989 1210.937988 1204.886597 1206.491821 1214.627808 1219.923706 1215.441406 1229.323364 1249.155762 1265.68335 1276.910278 1285.234375 1295.383423 1314.302612 1338.975586 1356.467163 1365.539062 1369.516968 1366.435547 1357.760132 1345.130737 1336.847168 1332.567383 1331.297729 1327.117798 1321.878174 1317.554199 1312.670654 1304.770264 1291.036865 1274.442993 1277.950806 1291.224487 1303.542358
1234.859375 1218.894531 1192.160278 1180.441284 1178.595093 1174.553101 1170.678589 1168.342896 1168.157837 1168.414062 1169.080322 1169.983154 1170.355347 1172.408936 1178.509399 1184.672363 1192.035889 1193.79541 1190.81189 1196.889648 1206.017944 1209.641113 1216.838257 1215.359131 1210.790039 1223.396118 1233.572144 1239.013062 1237.085449 1251.199829 1271.131226 1283.220703 1291.042236 1301.912964 1323.187622 1341.748291 1354.716797 1365.593994 1367.832275 1363.731812 1354.214722 1342.390869 1330.77417 1325.365234 1319.216553 1316.750244 1314.140503 1310.910156 1306.378296 1297.243774 1284.762451 1275.276611 1284.869873 1291.005249 1305.057495
1216.993896 1219.446533 1187.695068 1178.409302 1173.917847 1169.821411 1169.428833 1171.343018 1172.009644 1172.898315 1175.50647 1179.380737 1183.724976 1184.400024 1188.61792 1201.057739 1208.793823 1210.165161 1204.099365 1203.125732 1215.042603 1219.990601 1228.411377 1226.912842 1220.902222 1230.356812 1243.16272 1254.240234 1261.125977 1254.965454 1272.519653 1289.289795 1303.891602 1311.326538 1333.198364 1352.203491 1359.553223 1364.0979 1362.556396 1355.213623 1347.353882 1338.552734 1328.716187 1321.786499 1315.845093 1308.992676 1305.856567 1303.766602 1296.686401 1288.421631 1278.807739 1280.148071 1293.054688 1298.189087 1302.480713
1202.528198 1201.904907 1180.268677 1174.894531 1169.803101 1171.248657 1172.613159 1174.368408 1176.618042 1180.131836 1185.115845 1191.795898 1197.497681 1200.597168 1200.878418 1214.974976 1221.895142 1220.347168 1219.458496 1210.794434 1223.656982 1235.851685 1243.090088 1241.278809 1230.996826 1233.290283 1250.506104 1267.305908 1277.522583 1277.69751 1274.717896 1298.315552 1316.295654 1327.935425 1340.666504 1353.845947 1363.158569 1365.083008 1359.556274 1349.544067 1339.796631 1330.805054 1325.681885 1318.613403 1313.743896 1306.741211 1303.161255 1299.554443 1292.775269 1288.739258 1279.161499 1284.819214 1299.302734 1306.706909 1311.648193
1194.459106 1182.52417 1179.041016 1173.192627 1169.87085 1172.61377 1174.38855 1177.222656 1179.940796 1184.065552 1193.587769 1204.713867 1213.080566 1220.074951 1219.31311 1223.291138 1236.669312 1237.589355 1235.469238 1222.204468 1229.974609 1243.434326 1253.557495 1254.887817 1244.457397 1240.429321 1258.206543 1273.689819 1289.203979 1299.982056 1288.082153 1298.039917 1322.341797 1340.315308 1353.488159 1360.877075 1367.75708 1367.709839 1361.220215 1352.019531 1342.029785 1331.575806 1325.042969 1318.970337 1314.472046 1310.147583 1306.629517 1304.999268 1302.090454 1296.945435 1281.829102 1289.429688 1305.645996 1317.702515 1324.361816
1198.578857 1184.411011 1179.14624 1174.582031 1170.199707 1172.393555 1175.700806 1180.090698 1183.386963 1192.405396 1203.544678 1216.458008 1228.923218 1235.855713 1233.137573 1229.31897 1245.16748 1251.159302 1251.734863 1243.576538 1246.157471 1258.815552 1266.665283 1266.743042 1263.725708 1257.200439 1260.299683 1277.071289 1301.841675 1314.302979 1312.435547 1306.671631 1320.643433 1340.94104 1354.95813 1363.943115 1369.08667 1369.63501 1364.769897 1353.0 1342.272827 1331.08606 1324.765015 1319.216553 1315.661865 1316.180054 1314.24353 1311.539062 1307.588501 1300.577759 1287.181519 1292.914917 1309.533569 1322.118652 1332.168457
1207.546387 1188.804077 1181.62561 1177.358643 1172.242188 1171.160522 1175.923462 1182.232178 1194.799561 1204.069092 1219.467041 1232.690674 1244.920044 1249.653198 1247.325317 1244.464478 1252.001953 1261.676025 1267.038818 1267.704224 1268.13562 1275.004639 1281.495117 1282.107178 1279.790649 1273.219238 1267.38562 1284.58728 1308.240479 1320.912109 1326.400879 1322.312134 1327.53479 1336.720825 1351.745361 1364.490112 1370.312988 1370.369263 1360.232788 1344.956787 1338.313477 1333.024536 1329.097412 1323.69751 1323.997314 1327.700806 1323.002441 1317.405029 1311.379761 1303.828003 1294.270996 1291.102661 1311.530884 1323.463623 1331.691772
1221.315796 1207.524536 1190.62207 1180.420776 1175.11438 1170.680542 1174.997925 1182.661621 1193.541626 1203.650635 1215.386963 1232.805664 1253.042114 1263.656006 1264.545044 1260.068604 1262.93811 1272.671753 1281.360474 1287.492188 1290.141357 1290.080933 1293.961548 1298.426636 1298.745483 1292.50293 1278.743164 1286.938599 1310.995117 1326.773926 1339.610718 1339.014893 1344.485596 1344.420898 1355.142822 1368.757202 1373.66272 1371.373169 1361.670654 1346.785767 1344.953369 1345.161255 1337.039429 1331.887451 1334.514404 1333.638794 1329.823853 1322.661743 1315.174927 1303.918945 1293.999146 1288.711304 1309.49707 1321.432495 1329.323975
1223.187866 1213.443237 1196.515625 1182.265381 1177.732544 1172.64502 1173.085083 1178.755249 1184.540161 1194.300659 1202.622559 1219.31189 1242.314209 1262.447998 1272.906494 1272.957031 1277.119507 1283.539062 1297.126221 1305.844971 1306.294067 1306.502075 1309.638794 1312.608887 1311.465698 1304.554199 1302.619385 1290.36438 1313.170654 1329.928955 1347.51123 1353.531982 1354.577026 1360.017456 1366.478149 1372.900024 1377.92688 1375.615601 1368.797485 1359.289795 1359.822388 1354.020508 1345.52124 1345.725342 1340.980835 1334.756836 1329.824219 1322.132202 1314.438721 1301.597534 1290.98584 1292.152832 1300.941162 1314.533447 1321.13269
1216.438477 1206.917236 1197.012085 1191.236938 1182.085327 1176.525391 1172.595337 1174.423096 1178.403687 1180.667114 1182.781616 1196.951904 1224.411987 1246.663452 1267.740356 1273.420898 1276.12146 1276.613892 1281.580933 1294.026367 1307.447388 1315.254517 1321.459106 1324.289795 1321.75415 1316.345825 1319.212524 1314.723022 1312.733765 1329.776001 1349.078003 1364.485352 1370.864258 1376.507324 1379.404907 1379.590454 1380.063232 1378.458984 1372.481567 1369.910522 1368.948853 1364.95813 1356.606323 1347.582031 1336.682129 1330.098877 1325.206909 1317.05603 1307.005371 1297.105347 1293.49707 1298.827637 1300.681763 1305.059326 1312.956665
1230.574219 1222.968018 1215.23291 1203.142212 1188.692749 1180.188599 1176.01355 1172.904053 1174.706665 1176.974365 1178.967773 1181.696045 1202.894165 1229.332275 1247.847534 1262.032959 1263.475098 1261.301758 1264.908325 1273.810181 1299.203857 1319.231323 1331.948364 1337.385254 1335.034912 1329.914429 1327.775024 1325.397461 1321.572754 1326.906372 1344.050781 1364.279053 1371.756714 1379.178589 1381.102051 1381.808594 1381.568115 1378.093872 1378.682373 1374.15918 1369.91687 1367.795654 1358.882568 1344.789917 1329.896362 1324.352051 1317.057861 1309.131836 1300.962524 1296.415894 1307.340332 1306.970825 1302.871216 1308.00647 1317.08728
