extras/deploy/testdataset/elevation.asc
NCOLS 611
NROWS 446
XLLCORNER 590310.0
YLLCORNER 4914270.0
CELLSIZE 30.0
NODATA_VALUE -9999
[rows 120 to 143 of 446, columns 550 to 604 of 611]
1214.57605 1213.304199 1201.027344 1195.83374 1194.306396 1205.117065 1212.187378 1213.160522 1212.361572 1210.38501 1206.808594 1206.699341 1206.800171 1204.593994 1201.716187 1198.501953 1196.032471 1193.695923 1194.587158 1195.775024 1196.852783 1197.115479 1195.719849 1194.137817 1191.08374 1188.608398 1197.812622 1195.85144 1190.150513 1181.77002 1183.348145 1189.845093 1186.74707 1173.079956 1159.644653 1145.192871 1137.627075 1132.828613 1130.219116 1127.011963 1123.563843 1119.090942 1114.999512 1113.511108 1111.94043 1110.627563 1109.807739 1109.283569 1108.785278 1108.270264 1107.857544 1107.347778 1106.954834 1106.449463 1106.089966
1221.423462 1216.990967 1204.919189 1209.269897 1201.456787 1207.815186 1215.758911 1216.627563 1214.872192 1212.134888 1209.56897 1209.411011 1208.842773 1206.881836 1204.741943 1201.550659 1197.864014 1195.100586 1194.34314 1195.563599 1196.982422 1198.069702 1197.931519 1197.944336 1197.886353 1197.406494 1195.147705 1182.537842 1176.627319 1171.322021 1170.690918 1178.238037 1185.24353 1176.296021 1161.574951 1146.678833 1139.102173 1133.289795 1131.536133 1128.207397 1124.122559 1120.897827 1117.74231 1115.588745 1113.539429 1112.061035 1110.917358 1110.081299 1109.518921 1109.077759 1108.634766 1108.057007 1107.580322 1107.135132 1106.852051
1225.133667 1219.741089 1206.714722 1210.414673 1207.616089 1209.445923 1220.78418 1219.585205 1217.209961 1214.429565 1211.869385 1210.275269 1209.446655 1208.851685 1207.860229 1203.998169 1199.708374 1196.756226 1194.627563 1194.307495 1192.376221 1191.861938 1188.375488 1192.44519 1195.90918 1196.010498 1194.262329 1178.066406 1168.796509 1163.171875 1163.357666 1168.253296 1177.38562 1176.844604 1164.050781 1150.443237 1142.525513 1136.219604 1134.576904 1130.106689 1125.502441 1122.506958 1119.869141 1117.479004 1115.176147 1113.418823 1112.012573 1111.196655 1110.459717 1109.837891 1109.343628 1108.746704 1108.099121 1107.820923 1107.738037
1228.783081 1221.24231 1206.412476 1216.610474 1210.654785 1212.24646 1221.814575 1221.216309 1218.427246 1215.214722 1211.990112 1209.180054 1207.656006 1207.853149 1207.883667 1204.840576 1200.665649 1198.609985 1196.746948 1194.8125 1188.957764 1182.163086 1180.060791 1179.064575 1180.831543 1187.213135 1187.240845 1176.241943 1165.437622 1157.830688 1157.62439 1163.220459 1174.033691 1179.903198 1166.612183 1153.971313 1144.941895 1139.047607 1135.074707 1130.569702 1126.352539 1123.563599 1121.09436 1118.974609 1116.579712 1114.61438 1113.294922 1112.270142 1111.557861 1110.802856 1110.054077 1109.212646 1108.687744 1108.546143 1108.595215
1233.275757 1225.12561 1216.987427 1222.120605 1219.050171 1218.370605 1222.293823 1221.779907 1218.641113 1214.342773 1209.953247 1207.167969 1206.235596 1204.837769 1200.651245 1199.810303 1199.230225 1198.507202 1197.930054 1197.802246 1197.824219 1194.145874 1186.560181 1173.652222 1168.834839 1177.755005 1178.953003 1170.75061 1160.511841 1155.194336 1154.82959 1158.578491 1174.343262 1185.801514 1168.375244 1155.963745 1145.557983 1137.424438 1133.171387 1129.912231 1125.604492 1123.60437 1122.186401 1119.654297 1117.548462 1115.756958 1114.485107 1113.328735 1112.568481 1111.638794 1110.677368 1109.576538 1109.364868 1109.348022 1109.51123
1239.119629 1233.62085 1220.966187 1224.07251 1221.580933 1221.847046 1224.301636 1221.695435 1218.021484 1214.595459 1207.31665 1206.873413 1206.276001 1204.588257 1198.12439 1194.85791 1194.618652 1197.313721 1197.395996 1197.003052 1196.876953 1192.54126 1182.230225 1171.78894 1160.569092 1163.971069 1165.913574 1162.157959 1155.973022 1152.224609 1153.319458 1157.522705 1170.636719 1185.624146 1168.798218 1157.278442 1146.270508 1137.250244 1132.187988 1128.366577 1123.878418 1121.844849 1120.886841 1119.503906 1118.111816 1116.692017 1115.497437 1114.438965 1113.394653 1112.412842 1111.229126 1110.262207 1110.285034 1110.214111 1110.349243
1244.482056 1236.836914 1230.191895 1229.719849 1229.505127 1228.286499 1227.978149 1223.914185 1220.765991 1217.804321 1211.898804 1209.643311 1209.41626 1208.244385 1204.057007 1198.804321 1191.9375 1182.489746 1184.838745 1185.703491 1183.078247 1177.607666 1169.482788 1160.424316 1154.278198 1152.248169 1154.877563 1151.614258 1146.647827 1148.332764 1151.361816 1155.873291 1164.939087 1174.87854 1167.399048 1154.471313 1144.664917 1136.9198 1132.432617 1128.410278 1124.343628 1122.069946 1120.791992 1119.720093 1118.626343 1117.584106 1116.448364 1115.30542 1114.332275 1113.233887 1112.280151 1111.562866 1111.285889 1111.234009 1111.326172
1249.800537 1241.485474 1233.826904 1235.162598 1233.983521 1233.088867 1232.235474 1229.149902 1224.111328 1219.24707 1216.080933 1212.760132 1210.684326 1209.500854 1208.394043 1207.352173 1199.279053 1187.958374 1173.747437 1169.398071 1167.676147 1163.11731 1156.890625 1154.908936 1147.699585 1144.375488 1144.665405 1145.064819 1144.974731 1145.967773 1149.251831 1153.71875 1160.483398 1167.741089 1158.300293 1149.391724 1142.348022 1136.425537 1132.437866 1128.69397 1125.267578 1123.00415 1121.473145 1120.343628 1119.369629 1118.308716 1117.380371 1116.229736 1115.218628 1114.257446 1113.448364 1112.676758 1112.302979 1112.232056 1111.979004
1255.904175 1247.376831 1245.532715 1243.172363 1240.19458 1238.448975 1235.793823 1233.117798 1227.446533 1222.641235 1218.593628 1213.341797 1209.536255 1208.274414 1200.817871 1198.318237 1195.795288 1187.122314 1172.606079 1166.610352 1160.0177 1157.740601 1159.881714 1160.885498 1160.680664 1157.546265 1152.025146 1147.787842 1144.814087 1144.369751 1145.531616 1149.959473 1158.034668 1160.726807 1152.732178 1144.609619 1139.378052 1135.171875 1131.998291 1129.079956 1126.226685 1124.149658 1122.510986 1121.395386 1120.268188 1119.092041 1118.118164 1117.02832 1116.123535 1115.322266 1114.469116 1113.793335 1113.241089 1112.796265 1112.45166
1261.698242 1255.230591 1254.712646 1251.486084 1246.306396 1243.291626 1239.156006 1233.993042 1225.919922 1219.727783 1217.858765 1215.575562 1207.026978 1206.767456 1197.230103 1189.080078 1178.063843 1169.98999 1169.001221 1170.565552 1169.623657 1172.056274 1174.596802 1175.128296 1172.503662 1166.640015 1159.587402 1152.672363 1146.372437 1144.253296 1144.010864 1146.343506 1152.622192 1152.062866 1145.838013 1140.195068 1134.688721 1133.197998 1131.071045 1129.122925 1127.182617 1125.295166 1123.939697 1122.35376 1121.046631 1119.910889 1118.810425 1117.858398 1116.966797 1116.221802 1115.487793 1114.603882 1113.988892 1113.350708 1112.726929
1270.122314 1265.980103 1263.150391 1260.344727 1254.399048 1248.546021 1241.560547 1232.245483 1224.039917 1220.876465 1221.525757 1221.525879 1217.546875 1211.787476 1209.995728 1196.668213 1179.865845 1178.05835 1183.435669 1183.578491 1181.432495 1184.131958 1187.023682 1186.965332 1180.000366 1173.324341 1164.758911 1156.506592 1147.044067 1144.197998 1143.455322 1144.133179 1146.64917 1145.507568 1142.004639 1137.502563 1133.75 1132.182373 1130.922241 1129.598633 1128.129028 1126.578369 1124.883911 1122.595215 1121.885742 1120.542847 1119.461304 1118.558472 1117.840332 1117.138428 1116.316162 1115.475342 1114.59436 1113.788818 1112.906128
1273.303101 1271.33313 1269.984619 1268.591553 1261.63208 1254.015747 1243.711426 1232.059692 1230.548706 1228.112793 1225.58606 1220.817505 1217.600586 1209.661621 1205.21167 1190.835205 1185.131348 1194.598999 1198.870239 1197.367676 1195.244507 1197.388062 1197.759521 1196.626099 1187.643066 1176.717407 1166.742798 1158.290894 1149.758301 1145.526001 1142.244263 1140.971436 1140.610718 1139.964111 1138.699829 1136.334351 1133.69751 1132.033813 1131.236816 1130.34021 1129.465576 1128.268188 1126.333008 1124.319214 1122.389648 1121.083496 1120.134644 1119.287598 1118.571533 1117.990967 1117.110596 1116.22168 1115.251343 1113.967896 1112.844482
1276.662964 1275.583496 1273.678223 1271.605591 1267.474976 1258.738403 1245.261963 1241.300293 1237.968872 1233.902222 1229.396606 1223.581055 1219.591919 1209.925171 1208.290039 1201.78186 1197.383301 1205.888428 1210.655884 1205.354004 1199.66333 1199.220703 1197.458862 1192.296509 1185.913208 1171.859741 1164.64209 1157.994873 1150.5896 1145.259033 1139.9375 1135.907837 1135.699585 1135.20459 1134.708984 1133.735962 1132.730713 1132.365234 1131.855591 1131.474731 1131.243408 1130.228027 1128.889771 1126.221436 1123.680786 1121.786743 1120.647827 1120.068481 1119.532349 1118.8302 1118.061768 1117.022583 1115.698608 1114.474731 1113.109497
1279.694946 1279.348511 1277.13208 1273.84314 1270.091309 1264.3302 1255.759644 1252.993164 1247.71814 1241.018677 1232.137207 1227.341919 1222.759399 1218.52771 1215.335327 1209.517944 1207.377441 1210.865112 1209.69519 1197.423584 1192.838623 1189.352417 1184.570679 1179.331543 1170.763672 1163.034058 1157.193604 1151.514404 1146.131836 1141.035034 1136.610107 1134.47583 1133.933472 1133.482788 1133.46167 1132.817261 1132.86499 1133.222656 1132.938477 1133.035645 1133.095337 1132.904175 1132.421875 1129.2229 1125.074341 1122.145752 1121.335205 1120.968384 1120.512085 1119.880981 1118.919067 1117.751221 1116.460693 1115.181152 1113.842163
1283.786499 1282.552368 1279.304321 1276.746094 1274.052002 1271.512939 1268.69519 1262.187256 1256.464966 1247.089478 1237.270874 1231.460083 1227.615356 1224.425293 1220.989868 1217.710693 1213.713623 1209.765381 1199.31958 1186.528076 1179.724243 1176.509277 1172.521973 1166.54187 1159.870605 1154.24646 1148.828735 1144.74292 1141.297485 1137.418579 1137.865723 1140.129761 1139.520264 1137.025879 1138.084351 1140.843018 1139.060425 1136.641724 1134.900024 1134.782593 1135.651978 1135.848999 1135.520142 1132.856812 1127.728271 1123.21875 1122.809448 1121.795288 1121.614136 1120.845703 1119.841675 1118.604004 1117.20752 1116.151855 1115.234375
1286.906616 1283.889893 1280.228516 1279.458008 1278.216553 1275.544922 1271.594971 1266.164307 1261.169189 1254.53833 1244.974243 1237.676392 1231.969604 1226.109253 1222.92627 1220.736328 1211.630127 1202.979004 1189.484009 1177.24585 1169.187866 1165.324463 1160.013184 1156.317871 1152.607666 1147.798462 1143.64563 1140.978027 1139.959595 1140.921753 1143.269165 1147.435791 1148.316772 1144.648804 1143.919067 1149.144531 1150.000977 1147.045898 1145.120972 1142.672974 1140.700928 1138.962891 1137.095825 1134.1521 1130.191162 1126.522095 1124.359253 1123.344116 1122.856445 1121.798218 1120.686279 1119.341797 1118.107178 1117.179688 1116.802979
1290.557739 1287.858887 1284.879395 1283.037964 1281.991333 1279.522217 1274.279053 1268.82312 1264.850098 1257.215088 1247.664307 1239.09375 1232.236328 1221.601074 1216.822998 1213.179443 1205.184204 1191.289551 1179.929443 1167.76355 1157.415161 1155.515259 1153.033081 1149.841919 1146.867188 1143.503296 1143.720459 1145.949707 1146.759155 1146.03125 1148.109375 1152.574219 1157.276611 1151.974243 1145.149292 1153.473999 1158.569214 1154.747437 1151.749023 1148.268799 1144.775146 1141.714233 1138.058594 1134.497192 1131.610107 1129.028931 1126.721191 1125.239502 1124.032959 1122.37561 1121.27771 1120.215332 1118.893433 1118.253662 1118.225464
1294.036621 1292.147339 1288.05603 1284.906128 1282.954224 1279.866333 1275.311157 1272.356567 1270.228027 1256.63147 1242.369385 1230.429565 1221.687134 1211.084595 1201.08667 1198.932617 1192.226318 1176.782837 1168.091309 1160.231201 1155.666748 1151.113647 1148.211548 1145.800415 1147.500122 1149.601807 1152.172729 1154.013184 1153.859375 1153.532593 1155.68396 1157.763062 1162.236084 1160.702515 1151.390991 1153.077148 1160.874512 1160.596802 1156.987793 1152.329712 1147.857422 1143.360596 1138.646851 1134.015381 1133.566406 1131.928101 1129.260864 1127.004517 1125.096558 1123.461792 1122.357178 1120.93042 1119.560547 1119.03186 1119.089478
1292.748901 1291.379395 1286.78125 1283.651123 1275.492798 1271.520508 1270.91272 1269.251953 1265.523926 1252.507812 1239.692627 1220.292358 1204.957886 1198.488525 1190.060303 1181.624634 1172.55481 1166.417969 1160.2323 1154.640503 1150.435791 1149.723267 1151.116211 1153.258667 1154.905518 1155.474731 1158.606079 1161.160767 1161.200317 1158.554199 1162.808105 1166.887817 1169.595703 1167.862061 1160.592041 1157.355713 1162.323853 1165.819336 1161.206787 1155.900024 1150.258545 1145.460938 1141.260498 1137.737427 1136.369873 1134.320068 1131.348877 1128.63147 1127.151978 1125.788696 1123.484863 1121.460449 1120.133057 1119.493896 1119.592651
1272.806152 1279.777344 1280.446289 1277.242798 1266.664307 1251.003418 1252.453979 1256.850586 1257.827393 1247.724854 1239.676392 1223.376343 1205.872803 1191.374634 1180.873291 1171.689209 1165.768188 1161.279297 1156.427979 1151.982422 1154.638306 1157.999634 1160.3573 1161.293335 1161.753662 1160.346802 1164.807495 1168.662354 1167.066772 1166.570801 1169.554199 1174.792114 1175.788452 1174.841309 1168.478638 1160.21167 1167.555054 1171.542603 1165.109497 1159.382202 1153.113159 1147.922729 1144.138306 1140.183838 1137.3573 1134.487549 1131.741943 1130.203003 1129.896484 1129.981201 1126.250854 1121.921387 1120.645386 1120.135986 1120.069336
1252.825073 1257.963135 1271.424805 1265.006958 1254.840576 1238.798218 1233.054565 1240.935425 1244.489258 1233.758179 1230.076172 1219.537354 1205.066162 1191.832642 1179.030518 1172.177368 1161.978149 1157.340576 1154.275146 1157.002197 1162.061401 1165.2854 1168.165405 1169.909058 1168.592407 1167.41687 1171.086914 1175.027344 1172.806152 1169.721069 1174.406006 1180.671143 1184.211426 1180.829712 1173.530762 1168.640747 1173.224609 1173.838867 1167.25061 1160.294678 1154.601929 1149.655151 1145.330566 1140.763306 1137.017944 1133.788574 1132.047241 1131.558838 1132.767212 1135.061157 1133.591919 1123.608521 1121.349609 1120.745605 1120.72644
1233.595947 1245.939575 1260.14917 1253.2146 1244.059204 1228.218262 1216.056885 1219.205688 1225.636597 1214.863403 1207.210449 1202.770264 1194.919189 1182.443848 1174.970703 1166.803833 1157.79126 1155.7229 1158.712524 1165.588623 1169.696411 1172.730835 1175.473511 1176.227905 1173.706909 1171.28894 1176.924194 1182.328491 1181.722046 1179.141113 1181.109009 1187.289429 1190.597168 1187.049438 1180.9646 1179.621704 1180.416748 1173.694458 1166.986328 1159.122559 1154.501099 1148.411133 1144.822144 1141.537964 1137.281494 1134.144409 1132.616821 1132.527344 1134.078247 1135.80127 1136.220947 1132.395508 1121.918945 1121.643188 1121.562256
1220.119507 1235.986206 1249.625488 1242.74353 1230.476685 1220.552734 1206.880371 1200.147461 1208.023682 1203.799927 1193.111328 1186.258423 1179.963867 1175.170288 1168.499756 1158.664551 1157.223022 1163.099854 1170.32959 1174.68042 1177.585571 1180.726685 1183.896606 1182.428101 1180.310425 1180.459229 1185.957275 1194.547363 1193.463135 1187.681763 1191.715576 1198.36731 1199.171021 1194.358643 1189.880127 1187.480469 1184.493286 1176.315063 1167.407837 1158.014771 1155.063965 1148.916992 1146.684937 1143.812744 1138.047485 1134.253052 1133.255737 1133.543945 1133.980713 1135.866821 1138.932251 1137.268066 1130.741455 1123.073364 1121.840698
1211.916626 1217.648193 1237.276245 1231.335693 1223.235474 1209.348999 1193.208862 1191.510864 1192.048828 1190.185181 1186.326172 1182.322266 1170.843262 1165.46936 1160.931152 1162.187378 1167.411743 1172.479492 1177.581055 1182.238892 1185.897705 1189.27124 1190.390015 1188.991455 1186.82666 1185.557007 1194.723145 1200.985352 1202.517212 1202.195435 1207.373291 1210.060181 1204.298584 1199.60437 1196.180664 1185.873535 1182.652344 1185.003906 1175.747803 1166.551758 1157.938965 1153.116211 1149.652222 1146.253052 1138.348511 1133.771484 1134.192749 1135.791748 1135.944214 1137.258423 1143.471802 1145.310791 1138.712891 1131.352417 1126.077759
