extras/deploy/testdataset/elevation.asc
NCOLS 611
NROWS 446
XLLCORNER 590310.0
YLLCORNER 4914270.0
CELLSIZE 30.0
NODATA_VALUE -9999
[rows 24 to 47 of 446, columns 110 to 164 of 611]
1188.849365 1182.671387 1182.144409 1181.423218 1179.138916 1177.550903 1177.087769 1177.383911 1178.63269 1180.011719 1181.65564 1184.943604 1186.364136 1187.440552 1189.127197 1190.631958 1191.718872 1192.450073 1192.705933 1192.979858 1192.867065 1191.996704 1191.219116 1190.494629 1189.928955 1189.397827 1188.529175 1187.416016 1186.053467 1184.609497 1183.465332 1183.074219 1181.943726 1181.099487 1180.361694 1179.736084 1179.539185 1181.075806 1179.660278 1183.036987 1184.421631 1185.043701 1186.599365 1188.486084 1190.399902 1191.859009 1193.406128 1195.705566 1203.897705 1209.164917 1212.053101 1214.710205 1216.168457 1215.992188 1214.744507
1195.632202 1191.205933 1187.563354 1184.909424 1181.936157 1180.634521 1180.555542 1180.659302 1181.670776 1182.756104 1183.592651 1186.452271 1189.255249 1190.753052 1191.99292 1192.422607 1193.413574 1194.57373 1195.281006 1195.509155 1194.811768 1193.524048 1192.154053 1191.223145 1190.542236 1189.823853 1188.848145 1187.31897 1184.619751 1183.141357 1182.808105 1182.405884 1182.063232 1181.541138 1181.141479 1181.04248 1181.936768 1183.71167 1183.924805 1185.075195 1187.02063 1188.246338 1189.980957 1191.423218 1192.306885 1192.934937 1193.911377 1196.233521 1204.670044 1208.901611 1210.822021 1212.556763 1213.75061 1213.762085 1213.019775
1199.404419 1197.331909 1194.449463 1189.164673 1183.533691 1183.630371 1183.903931 1184.001953 1183.86731 1186.952881 1188.827271 1191.27771 1192.547607 1193.737793 1194.421265 1194.777954 1195.085449 1196.057617 1196.119751 1195.897949 1195.558472 1194.236694 1192.963989 1191.912109 1191.192749 1190.481934 1189.563965 1188.039917 1185.120605 1183.428467 1182.817383 1182.869873 1183.109497 1182.822144 1182.169434 1182.606934 1183.487183 1185.152588 1186.890991 1188.198242 1189.767578 1191.554932 1193.374512 1194.22644 1194.300049 1194.191528 1194.964355 1197.957275 1202.783081 1206.52478 1208.934814 1210.859985 1211.911621 1212.102295 1211.487671
1201.526733 1198.981812 1197.069946 1194.041748 1189.214355 1187.969604 1188.152344 1189.300049 1190.740967 1192.772095 1194.80835 1195.616577 1196.004639 1195.834961 1195.856201 1196.090332 1196.373291 1196.506714 1196.362183 1196.144775 1195.618164 1194.596436 1193.484253 1192.635498 1191.944458 1191.330933 1190.621704 1189.427856 1187.86438 1185.613525 1184.096924 1184.268433 1184.90979 1184.780273 1183.651001 1183.697998 1186.306396 1188.938232 1190.851318 1192.136719 1192.441162 1194.210327 1197.311646 1198.190063 1198.502441 1197.314819 1195.753906 1198.88147 1201.353027 1203.855225 1207.090088 1208.991821 1210.208374 1210.692383 1210.45166
1202.198242 1199.581055 1197.632202 1196.107178 1192.833984 1191.510498 1192.879761 1195.762085 1194.504395 1195.998291 1196.141846 1196.069458 1195.993652 1196.001587 1196.041016 1196.192627 1196.384521 1196.421265 1196.455566 1196.28833 1195.793823 1194.883057 1194.100952 1193.380859 1192.807373 1192.520386 1191.940674 1191.076538 1189.808472 1188.063965 1186.82312 1186.495117 1186.466187 1186.605591 1186.862305 1188.401733 1190.270508 1193.530396 1195.242065 1195.2854 1194.551392 1197.659912 1203.831787 1208.661255 1207.497559 1202.495972 1199.634155 1199.24231 1199.03186 1199.079712 1203.123657 1206.435059 1208.293823 1209.048218 1209.405518
1201.124634 1199.354736 1197.52063 1196.098633 1194.129639 1193.704346 1194.919189 1195.777832 1195.373169 1195.05603 1195.427856 1195.613281 1195.52002 1195.441772 1195.647705 1196.00415 1196.23938 1196.46521 1196.292603 1196.224487 1195.997192 1195.35083 1194.653442 1193.873413 1193.608154 1193.494019 1193.552002 1192.989746 1191.959717 1190.317383 1189.218628 1188.717896 1188.665405 1189.016235 1189.949951 1192.126953 1194.675049 1197.318359 1200.018311 1202.780029 1202.178345 1204.563354 1213.165039 1221.286011 1211.626587 1206.309326 1201.76123 1199.338867 1196.271118 1194.830322 1197.806763 1201.207886 1204.417847 1206.679443 1207.648804
1198.899048 1198.470703 1197.17334 1195.453247 1194.608887 1194.455322 1195.30127 1195.630737 1194.693115 1194.022217 1194.231812 1194.683105 1194.563843 1194.392822 1194.678955 1195.156006 1195.54834 1196.213745 1196.290161 1196.140625 1196.066528 1195.667603 1194.903931 1194.217163 1194.057861 1194.410767 1194.91394 1194.56543 1193.885376 1192.433472 1191.285278 1190.803833 1190.947754 1191.445679 1192.07959 1194.066895 1197.533203 1201.174805 1204.797363 1210.895508 1210.416382 1209.040771 1213.63501 1215.179688 1209.643433 1205.317139 1201.864868 1198.821167 1196.00061 1194.112305 1194.004761 1194.992065 1197.88855 1200.645508 1201.675049
1195.963379 1197.168823 1196.342407 1194.520386 1193.875366 1193.846313 1194.23938 1193.952393 1193.473022 1192.835815 1192.952026 1193.192505 1193.19043 1193.223389 1193.558716 1194.112915 1194.770508 1195.633423 1196.127563 1196.092407 1195.962769 1195.565186 1195.036987 1194.421875 1194.289062 1194.771118 1195.547852 1195.828369 1195.475342 1194.328247 1192.955078 1192.545044 1192.924438 1193.665894 1193.916748 1195.294189 1199.889648 1204.576782 1208.82605 1217.624146 1217.680054 1214.932495 1214.050415 1210.159668 1206.307739 1204.409912 1201.98877 1198.581665 1195.282104 1194.160156 1193.940918 1193.962646 1193.820801 1195.010742 1195.316284
1194.916138 1195.813721 1195.542603 1193.69812 1192.71582 1192.378906 1192.214844 1192.104126 1191.626221 1191.418823 1191.417603 1191.603149 1191.750488 1192.082642 1192.660156 1193.353516 1194.255737 1195.283325 1195.919434 1195.950317 1195.722168 1195.243408 1194.904053 1194.394897 1194.337524 1194.751709 1195.40918 1195.602417 1195.641113 1195.638794 1193.869385 1193.623047 1194.18042 1195.177246 1196.626221 1198.283813 1203.071167 1208.018555 1213.493652 1221.956055 1221.427979 1219.401978 1217.043213 1211.338867 1207.487061 1206.180542 1204.036743 1201.024536 1197.797607 1196.52356 1195.45752 1194.227661 1194.020386 1193.998657 1194.015381
1193.768311 1194.622803 1194.236206 1192.65564 1191.430908 1190.647827 1190.189453 1189.872925 1189.449829 1189.440308 1189.482544 1189.875366 1190.374512 1191.064209 1191.765625 1192.72583 1193.767578 1194.886719 1195.631348 1195.84314 1195.511108 1195.25708 1194.592773 1194.136719 1194.144043 1194.418823 1195.062866 1195.422729 1195.383423 1194.973877 1193.957642 1194.060059 1194.950806 1196.749634 1199.045776 1202.061035 1205.952026 1211.516357 1217.733887 1223.259277 1222.960327 1221.816406 1220.408447 1216.048584 1211.496338 1208.742676 1206.280151 1204.062256 1202.029297 1200.686768 1199.353394 1197.179443 1194.569092 1194.395264 1193.645142
1192.382202 1192.516235 1191.960449 1191.001831 1189.854736 1188.857666 1188.033203 1187.314941 1186.893188 1186.875977 1187.438232 1188.217896 1188.932495 1189.914551 1190.833496 1191.788452 1192.770996 1193.8396 1194.747437 1195.003052 1195.059692 1194.467285 1193.935303 1193.807983 1193.862183 1194.098022 1194.371338 1194.55127 1194.462769 1194.030273 1194.020996 1194.254395 1195.675293 1197.988403 1200.696777 1203.940796 1207.824829 1214.291382 1220.226196 1223.770142 1223.582642 1222.755127 1221.525513 1219.548706 1215.129761 1211.251587 1208.581909 1206.872559 1205.918335 1205.231934 1204.086304 1202.416748 1199.850952 1197.660645 1195.551392
1191.004639 1190.724854 1190.086914 1189.115356 1188.11377 1187.153687 1186.106567 1184.922607 1183.050415 1184.309082 1185.46582 1186.544189 1187.652588 1188.727661 1189.744385 1190.702759 1191.531982 1192.196167 1192.656616 1192.944824 1193.13855 1193.195557 1193.361938 1193.475342 1193.754639 1193.989014 1194.039062 1194.02417 1193.956299 1193.760498 1193.949951 1194.273926 1195.082397 1197.672485 1201.299316 1205.391113 1210.15564 1216.937378 1221.842651 1224.015015 1223.834106 1222.967285 1221.605713 1219.395752 1216.585571 1213.38269 1210.820068 1209.26416 1209.045776 1209.057861 1208.623047 1207.895752 1207.398804 1206.744507 1201.84314
1189.598022 1189.17627 1188.437378 1187.483887 1186.354004 1185.537109 1184.73645 1183.647339 1182.96106 1183.179199 1184.083252 1185.165771 1186.621704 1187.718872 1188.67749 1189.549438 1190.189087 1190.766846 1191.126831 1191.594971 1192.002686 1192.463867 1192.926636 1193.437378 1193.834473 1194.07959 1194.105591 1193.8927 1193.691895 1193.571411 1193.769165 1194.275757 1194.96875 1196.977905 1201.683716 1206.585449 1212.710571 1219.646118 1223.055298 1224.036255 1223.817505 1223.025146 1221.394165 1219.274902 1216.824097 1213.937134 1211.561646 1210.283447 1209.70459 1209.576782 1209.351562 1209.003052 1208.688843 1207.812012 1203.61792
1188.324829 1187.91394 1187.283447 1186.15271 1184.889282 1183.785767 1183.264893 1182.63623 1182.410889 1182.500732 1183.131592 1184.51709 1185.759277 1186.826416 1187.800293 1188.5979 1189.176392 1189.717041 1190.181519 1190.692017 1191.291016 1192.032715 1192.898926 1193.658325 1194.481323 1194.779419 1194.48291 1194.068359 1193.812256 1193.619873 1193.69043 1194.118774 1195.100098 1197.499023 1201.619629 1206.448486 1213.877686 1221.397827 1223.029419 1223.644897 1223.367432 1222.766724 1220.776489 1218.343262 1215.99939 1213.353271 1211.202881 1209.923218 1209.441772 1209.175049 1208.481079 1207.522705 1206.264038 1203.788574 1200.373901
1187.06189 1186.864136 1186.388184 1185.404175 1184.103027 1183.09082 1182.513306 1182.09436 1182.189331 1182.609497 1183.540283 1184.580078 1185.45752 1186.216064 1187.067871 1187.862671 1188.525757 1189.138428 1189.727661 1190.446289 1191.224121 1192.188965 1193.221924 1194.436401 1195.301147 1195.46228 1195.347534 1194.933228 1194.023926 1193.684692 1193.469482 1193.704468 1194.790527 1197.415405 1201.013306 1205.727905 1212.972168 1220.280396 1222.216797 1222.828857 1223.045898 1222.240967 1220.042847 1217.033691 1214.075439 1211.278809 1209.126831 1208.20166 1207.680542 1206.725098 1205.42395 1204.090088 1202.452637 1200.088013 1196.946045
1185.483887 1185.884521 1185.682373 1185.151245 1184.074097 1183.181885 1182.203857 1181.970825 1182.022583 1182.999512 1184.041504 1184.484131 1184.747437 1185.453613 1186.376953 1187.262451 1188.153564 1188.879639 1189.617432 1190.579712 1191.609253 1192.727661 1193.918823 1194.990356 1195.404541 1196.008423 1196.514526 1195.493652 1194.809937 1193.628418 1193.158203 1193.064331 1193.863892 1195.362305 1198.176758 1203.474854 1210.201782 1217.89624 1219.2052 1219.580078 1221.689087 1221.585327 1218.711914 1214.188599 1211.414673 1208.548096 1206.723999 1205.358765 1204.085938 1202.851074 1201.51416 1200.276855 1198.643433 1196.703369 1194.444946
1184.136108 1185.051636 1185.109985 1184.670166 1183.696167 1182.94397 1181.743896 1181.549927 1181.71582 1182.772461 1183.328857 1183.33606 1183.296387 1184.235229 1185.634766 1186.672607 1187.741333 1188.786621 1189.869751 1190.998047 1192.178955 1193.407471 1194.462158 1195.322876 1196.191162 1197.158569 1197.567627 1196.9198 1195.104004 1193.602905 1192.720703 1192.441528 1192.708984 1193.726318 1195.159912 1198.177368 1206.714233 1212.090454 1212.80603 1214.989136 1217.412354 1217.355835 1213.786255 1209.573975 1207.681519 1205.980957 1204.048096 1201.980957 1199.629395 1198.082031 1196.987549 1196.082764 1194.906616 1193.45166 1191.987183
1183.266479 1184.014282 1184.244019 1183.866211 1183.131592 1181.840332 1180.997925 1181.005005 1181.298706 1181.833862 1182.394531 1182.570801 1182.838623 1183.579956 1184.782349 1185.996704 1187.141602 1188.438843 1189.875854 1191.226074 1192.552856 1194.003906 1194.966187 1196.011475 1197.548706 1198.773804 1199.184326 1198.414062 1195.607178 1193.279419 1192.207642 1191.708618 1191.89502 1192.689819 1194.124634 1195.84668 1203.210449 1208.436523 1207.866821 1209.338501 1210.474609 1210.193359 1207.764893 1205.936157 1204.751343 1203.006592 1200.869873 1198.300171 1195.485962 1194.252563 1193.573486 1192.81189 1191.647827 1190.474731 1189.194336
1181.629761 1182.493042 1182.914185 1182.10791 1180.940796 1180.203735 1180.152222 1180.443848 1180.90332 1181.397949 1181.831421 1182.106689 1182.473511 1182.928589 1183.964111 1184.96521 1186.4823 1188.074097 1189.730957 1191.253418 1192.895386 1194.330811 1195.516724 1197.061157 1198.922241 1200.812256 1202.034424 1200.862427 1195.587402 1192.699219 1191.69751 1191.277466 1191.269775 1191.776245 1192.651367 1194.407227 1199.705444 1206.074585 1207.903564 1205.789673 1206.109375 1205.774048 1204.711548 1203.245117 1201.984497 1200.25293 1198.475952 1196.179443 1193.779297 1192.140747 1190.975342 1189.635132 1188.346436 1187.262207 1186.365356
1179.792114 1179.344238 1178.850708 1178.171509 1177.867188 1178.381104 1179.268921 1180.055664 1180.74585 1181.218384 1181.624268 1181.915527 1182.226929 1182.699585 1183.120239 1183.935547 1185.955444 1187.804565 1189.477295 1191.051636 1192.719849 1194.557983 1195.778076 1198.092896 1200.400513 1202.969849 1205.581055 1205.864502 1198.030396 1192.856934 1191.603027 1191.272461 1190.86792 1191.080811 1191.471802 1192.789062 1195.94397 1203.701172 1208.209106 1204.298096 1203.426147 1202.654541 1201.776611 1200.700073 1199.620483 1198.004761 1196.469604 1194.39563 1192.07312 1190.244995 1188.495483 1186.796509 1184.906372 1183.912354 1183.280884
1177.181763 1175.694702 1174.373779 1173.234741 1174.043091 1177.104492 1178.829468 1180.044067 1181.020874 1181.526978 1181.738281 1181.7854 1181.960815 1182.335083 1182.742432 1183.593506 1185.59375 1187.452393 1189.136475 1190.799438 1192.282104 1193.746826 1195.597168 1198.49292 1201.655884 1204.890625 1207.365234 1209.425293 1206.996338 1196.098389 1192.823364 1191.584961 1190.898682 1190.554688 1190.807495 1191.801758 1194.212402 1200.984619 1207.703247 1202.879517 1201.290405 1199.959839 1198.826294 1197.872437 1196.879517 1195.671753 1194.043457 1192.074463 1189.94165 1187.927856 1186.234985 1184.492676 1182.568848 1181.340454 1180.163452
1174.039062 1172.689209 1171.108154 1170.646606 1173.356079 1177.157959 1179.31958 1180.691895 1182.729736 1183.009888 1182.592407 1183.349365 1183.056763 1182.259033 1183.765503 1184.608887 1185.900513 1187.672119 1189.156494 1190.59436 1192.10376 1193.489868 1194.933716 1198.313721 1202.132446 1206.225586 1208.917358 1209.680176 1207.426636 1198.796875 1194.765747 1192.416992 1191.090454 1190.419312 1190.358398 1190.952515 1193.334717 1196.94165 1200.418091 1199.864014 1199.133057 1198.02771 1196.527954 1194.788574 1193.79248 1192.638794 1191.190918 1189.440674 1187.526001 1185.923218 1184.205322 1182.521973 1180.939331 1179.455933 1178.513062
1171.317261 1169.728149 1171.188599 1174.098145 1177.42041 1179.939087 1181.122437 1183.169312 1185.597412 1186.69519 1186.607422 1187.131226 1186.64502 1184.730835 1185.298218 1186.106323 1187.121216 1188.226685 1189.428589 1190.62854 1192.05603 1193.491333 1194.929321 1197.532959 1201.173096 1206.314819 1209.403809 1209.376831 1204.668579 1198.249268 1194.945923 1192.963745 1191.420898 1190.224976 1189.743164 1189.781006 1190.684082 1193.021851 1195.062744 1197.047119 1197.529541 1196.581909 1194.547363 1192.556519 1190.778564 1189.446655 1188.066284 1186.69104 1185.460449 1183.927856 1182.324219 1180.937988 1179.6698 1178.778442 1180.035278
1169.416138 1171.017334 1175.879272 1178.858521 1182.186646 1184.956787 1184.129395 1187.092896 1189.754028 1192.795166 1195.539551 1192.666504 1190.711182 1189.376953 1188.67627 1188.564209 1188.813599 1189.219727 1189.987671 1190.907959 1191.911499 1193.060669 1194.356323 1195.161255 1198.121094 1200.586548 1201.410645 1201.490845 1198.03125 1194.955322 1194.265137 1192.890015 1191.327881 1190.025146 1188.943237 1188.358398 1187.973999 1188.151367 1190.007202 1194.701416 1195.189819 1194.168091 1191.764771 1189.105347 1187.226074 1185.86853 1184.927856 1184.177368 1183.128296 1182.190186 1180.932251 1179.870605 1179.059692 1180.851929 1182.674805
