extras/deploy/testdataset/elevation.asc
NCOLS 611
NROWS 446
XLLCORNER 590310.0
YLLCORNER 4914270.0
CELLSIZE 30.0
NODATA_VALUE -9999
[rows 240 to 263 of 446, columns 110 to 164 of 611]
1385.916992 1381.943481 1376.740112 1366.301514 1363.004272 1361.148071 1356.99292 1353.367188 1350.696533 1347.758911 1345.552979 1343.280029 1331.528442 1343.079956 1347.529663 1352.025879 1362.348022 1372.761841 1379.173096 1381.500122 1382.855957 1383.720947 1384.046509 1384.017212 1383.822144 1384.029541 1384.746582 1385.977173 1387.059814 1387.281494 1386.289429 1385.962891 1388.491089 1391.793091 1394.167603 1397.992188 1397.841919 1395.137939 1391.570068 1382.535767 1376.759033 1372.606323 1373.005981 1371.902588 1368.519653 1356.040283 1348.376587 1342.733643 1337.976685 1346.391479 1359.803467 1373.216553 1390.783936 1401.744873 1411.422119
1388.822388 1381.692139 1376.069946 1371.386597 1368.972168 1366.236084 1359.143677 1353.756714 1350.981934 1347.410767 1344.105591 1339.355957 1336.301025 1344.507935 1348.831787 1352.749512 1364.218384 1376.692017 1381.343872 1383.97937 1386.091919 1387.132446 1387.545166 1387.286133 1387.375732 1388.10437 1389.535034 1391.367065 1392.776978 1393.54895 1393.848267 1393.873413 1395.582153 1398.070435 1400.593506 1402.904297 1399.820801 1392.500732 1387.470459 1375.468384 1368.66333 1364.031738 1363.863159 1362.600342 1355.491089 1350.635742 1345.603027 1341.59021 1339.071289 1348.803955 1358.511475 1367.768311 1383.555786 1396.862427 1407.607544
1390.444946 1384.535767 1380.498291 1377.954956 1372.44519 1367.003174 1360.264526 1354.460815 1351.083618 1347.501953 1343.475464 1333.387329 1340.549316 1345.965942 1350.96814 1356.745483 1366.80249 1378.624512 1383.923462 1387.603394 1389.422729 1390.624878 1391.112549 1390.787842 1390.781738 1391.877319 1393.692383 1395.428711 1396.84021 1397.803955 1398.582275 1399.720337 1401.296997 1403.227539 1405.147583 1404.907104 1400.583008 1390.482056 1384.120239 1365.510132 1363.6604 1362.250122 1359.438232 1355.33606 1352.263306 1350.47644 1349.015259 1346.409912 1340.199341 1345.56189 1355.052856 1361.737305 1372.421021 1386.627197 1395.042358
1392.178101 1388.922119 1384.732422 1380.822266 1374.453979 1365.414185 1359.894165 1354.253052 1350.811279 1347.271362 1343.044312 1334.380981 1341.416382 1347.209961 1353.186401 1364.420166 1375.48938 1382.498901 1388.170532 1391.241333 1392.806519 1394.048218 1394.711914 1394.761108 1394.986206 1396.216187 1397.940063 1399.473389 1400.683838 1401.755615 1403.112793 1405.058472 1407.602051 1409.344849 1408.713257 1405.930176 1400.189087 1391.657959 1381.522339 1371.117065 1373.43042 1372.529419 1370.166992 1367.989868 1363.285034 1360.583374 1359.497803 1357.962036 1351.925781 1343.21228 1349.870117 1355.895874 1363.783936 1374.008301 1382.967529
1396.842041 1392.178467 1387.378906 1382.319214 1375.831299 1364.860474 1358.556885 1353.500488 1350.519775 1347.379395 1344.394653 1336.746094 1342.672974 1348.524902 1356.072754 1370.37207 1382.088989 1387.867065 1391.846191 1394.117554 1395.838623 1397.308594 1398.57019 1399.312744 1399.424927 1399.883911 1402.403198 1404.337524 1406.606201 1409.186768 1411.989502 1414.286621 1415.361572 1414.993408 1411.998779 1406.987671 1400.29126 1392.81958 1378.424316 1378.501587 1380.938721 1379.871338 1375.986328 1373.761719 1371.022461 1369.307983 1368.783936 1367.134033 1363.492798 1357.683228 1351.42627 1351.557373 1356.739868 1364.622681 1371.730957
1399.392944 1393.67981 1389.078247 1382.492065 1375.792236 1364.116455 1355.809814 1352.379761 1349.901855 1347.356567 1344.398804 1337.907593 1343.876343 1349.385986 1357.911987 1373.74707 1384.681763 1391.338013 1394.50769 1397.355835 1399.251099 1400.390381 1402.122925 1403.922607 1402.994995 1402.986328 1406.385132 1410.953857 1415.103516 1417.40625 1418.224365 1419.357056 1419.355957 1418.124023 1414.502563 1408.18335 1400.727783 1392.074951 1379.827637 1385.061646 1384.604248 1383.229614 1380.924561 1379.766846 1376.619629 1374.842896 1374.825439 1375.054565 1373.596191 1370.128052 1364.847778 1355.713013 1353.351685 1360.312134 1364.385376
1399.53418 1393.778931 1388.50061 1380.399536 1371.97998 1362.156616 1353.419312 1351.809326 1350.085449 1347.446533 1344.189331 1338.242065 1343.964355 1349.493164 1358.445312 1373.765991 1386.312378 1393.31958 1397.388184 1400.696289 1402.871094 1404.275391 1406.291626 1408.004883 1408.251831 1408.826904 1411.403687 1415.625 1419.976318 1422.491699 1423.531494 1423.654419 1423.067627 1420.680298 1415.934326 1408.755981 1400.19873 1388.11084 1388.071167 1391.833374 1387.823364 1388.244141 1388.288696 1386.685547 1382.421753 1379.603516 1381.287598 1383.006348 1382.356201 1378.970581 1372.387085 1364.937988 1355.268921 1361.389771 1367.765137
1396.791016 1391.268677 1381.564087 1373.450562 1366.038574 1360.989868 1355.300903 1353.382935 1351.286499 1348.214478 1344.44812 1338.729248 1343.495117 1348.990601 1356.910034 1370.134521 1386.119873 1394.994629 1400.103027 1403.830811 1406.622314 1409.690674 1412.191528 1413.426758 1413.283691 1413.196899 1415.082275 1420.194336 1424.814941 1427.780762 1429.125977 1428.28125 1426.870483 1423.274292 1416.943237 1409.73938 1399.636475 1389.398682 1399.284302 1392.084106 1390.521362 1393.420776 1396.083862 1395.246338 1390.637451 1389.178101 1390.828125 1391.896118 1389.915649 1383.879517 1376.827881 1369.775635 1359.666016 1363.290039 1371.861694
1392.407715 1383.805908 1374.85083 1366.339233 1363.984009 1362.258423 1359.626099 1356.089478 1352.635376 1349.251587 1345.343384 1339.671875 1342.557373 1347.665649 1354.560425 1366.594482 1383.756958 1394.850952 1401.27478 1406.411865 1411.122314 1415.133911 1416.718872 1417.869263 1418.134033 1418.405884 1420.800171 1425.81311 1429.821167 1432.782715 1434.035278 1433.46521 1431.083252 1426.752563 1420.244873 1413.37146 1399.342529 1398.956055 1405.930664 1399.388306 1400.119873 1401.468384 1405.837769 1404.807129 1399.768433 1399.25769 1398.659058 1396.600586 1393.37439 1388.17981 1380.746826 1371.665161 1362.064453 1363.626587 1374.530151
1383.932373 1376.081787 1373.647217 1369.793457 1366.665161 1366.56897 1363.993164 1358.906982 1353.826782 1350.906006 1347.409424 1343.525757 1340.214966 1345.76062 1351.024292 1359.463989 1373.875732 1390.152466 1399.322632 1406.934814 1413.14917 1417.090088 1419.268311 1421.330322 1422.55603 1423.352417 1424.755859 1428.756714 1433.782837 1438.111938 1439.975586 1439.040405 1435.246582 1428.682861 1422.12439 1415.186768 1399.333374 1403.773804 1409.863403 1409.993774 1413.488281 1416.381348 1416.08313 1411.882202 1408.53833 1407.4104 1404.540405 1400.735596 1396.221436 1390.499512 1383.324341 1371.778198 1362.947021 1363.857178 1375.180054
1380.152466 1378.117554 1375.657593 1373.348511 1371.699219 1370.192871 1368.104492 1362.89563 1357.734741 1354.255859 1350.556519 1345.788696 1341.032715 1344.592041 1350.028931 1355.639648 1367.299927 1379.128052 1393.776733 1403.82019 1411.130371 1416.608521 1421.16394 1424.72644 1426.57019 1427.78418 1429.123291 1433.036499 1437.621094 1441.571899 1443.387451 1442.610596 1439.982056 1430.78479 1423.774902 1415.896606 1401.194824 1406.07605 1413.574463 1418.214355 1418.696655 1419.428223 1418.978394 1417.031738 1415.713501 1414.018677 1409.90918 1404.950317 1399.102783 1391.149536 1384.70105 1374.819702 1364.911621 1364.294922 1372.68457
1388.22876 1383.437866 1378.877808 1377.110352 1376.852539 1375.239136 1371.775024 1366.548462 1363.297485 1358.812012 1354.427734 1348.087646 1341.773071 1344.490967 1351.14917 1359.809937 1369.868896 1377.853394 1388.286621 1401.086548 1409.562378 1415.832397 1423.951172 1427.802002 1430.2854 1432.04895 1434.189575 1437.275391 1440.829468 1444.880371 1447.331543 1447.549927 1443.214844 1434.613525 1426.484985 1420.213623 1409.730103 1408.587036 1414.308228 1421.092651 1422.467285 1423.143433 1422.897217 1421.486572 1419.850952 1417.994507 1414.735962 1408.577271 1402.015503 1394.082764 1388.427368 1379.820679 1371.357178 1364.689209 1369.781494
1393.859375 1389.731445 1384.567261 1383.257202 1383.342285 1381.105591 1378.715576 1375.461914 1369.738159 1364.022949 1357.134521 1349.761108 1342.83374 1346.194092 1352.369141 1363.792236 1373.021606 1382.67334 1392.631592 1401.561157 1411.367432 1417.922241 1425.964355 1430.154663 1433.026611 1435.462158 1437.872314 1440.943115 1444.480713 1448.383911 1451.682251 1452.416748 1450.235596 1440.092773 1432.51355 1426.171875 1419.747437 1410.347656 1414.766357 1423.732666 1425.625488 1426.806519 1426.926514 1425.261963 1423.228394 1420.556885 1417.035889 1410.704102 1402.450684 1398.495117 1393.752441 1387.484619 1378.765259 1369.457764 1369.020508
1400.760742 1392.858887 1388.203247 1391.208618 1392.207642 1389.708496 1385.457397 1381.533325 1375.768188 1368.441528 1359.612305 1350.824463 1343.182983 1347.330811 1352.963135 1364.954102 1376.946289 1388.825562 1397.235718 1406.212158 1416.498535 1422.836914 1427.658813 1432.68335 1436.230103 1438.885498 1441.244385 1444.079468 1447.845703 1451.701782 1453.633057 1453.873901 1453.177246 1445.921631 1437.730591 1430.735474 1424.246948 1416.137451 1415.361694 1426.431763 1429.755249 1431.189209 1431.280151 1429.480347 1425.872803 1422.974731 1419.058838 1414.2146 1408.130249 1402.714478 1397.758179 1392.197754 1382.284424 1375.004395 1371.476685
1402.40332 1396.108276 1399.787476 1405.633423 1405.928345 1400.575562 1391.091309 1385.322754 1378.841919 1370.535278 1360.781006 1349.505859 1344.889282 1349.082153 1354.174072 1368.503784 1381.469116 1392.572754 1401.060547 1412.157349 1421.05127 1427.707397 1431.724243 1436.233521 1439.691406 1441.852539 1443.943237 1446.839233 1449.888428 1453.139893 1454.605713 1454.738892 1453.652466 1448.330811 1439.792236 1432.811646 1426.443726 1417.964355 1422.330078 1431.299438 1435.259155 1437.10437 1437.094727 1434.873291 1430.003784 1425.59375 1422.671753 1418.960083 1416.016968 1409.774048 1400.516357 1394.481689 1384.983276 1376.09375 1379.165161
1401.912231 1408.034668 1416.947876 1417.945801 1413.608398 1406.574707 1396.335327 1388.167358 1380.467407 1370.395996 1357.96228 1345.217163 1347.392334 1351.282593 1361.427368 1373.225464 1386.061523 1394.867432 1402.313843 1416.984985 1426.436401 1431.313721 1435.307007 1439.359863 1442.21521 1444.207275 1446.25 1448.398315 1451.121704 1454.276123 1455.802856 1455.694336 1453.961182 1448.051636 1439.281738 1433.2677 1426.512573 1422.642944 1429.642334 1436.963745 1440.84082 1442.594238 1442.516968 1441.268311 1437.524414 1430.90979 1426.202148 1423.010864 1419.818359 1415.897705 1402.830566 1395.476685 1387.577881 1378.645508 1383.509888
1424.447754 1428.651367 1429.387329 1427.334106 1420.910156 1410.725464 1398.017822 1388.793701 1381.219238 1369.718994 1352.453125 1346.157837 1351.956665 1354.620361 1367.034546 1376.586182 1388.947754 1396.263306 1404.420044 1421.079834 1430.334717 1435.181519 1438.802002 1441.6698 1444.306152 1446.602783 1448.490723 1450.335938 1452.79541 1456.25415 1457.770264 1457.396851 1454.953003 1450.826172 1442.051025 1434.508423 1426.597412 1431.253174 1436.583374 1442.042603 1445.717285 1447.55957 1448.076416 1447.718018 1444.760376 1438.887451 1432.100342 1426.197021 1422.300781 1417.00354 1406.522461 1396.328125 1388.869629 1389.905884 1390.300171
1436.129272 1436.76062 1434.64856 1430.51355 1424.006836 1412.031494 1398.424805 1389.046387 1380.702393 1369.991943 1348.540894 1350.327271 1356.315674 1360.249268 1368.674072 1379.555908 1390.753906 1397.779175 1408.769531 1425.263062 1435.058594 1439.932983 1442.354248 1444.692749 1446.991455 1448.824097 1450.835083 1453.575439 1456.763306 1459.603882 1460.564941 1459.828857 1457.328857 1453.56189 1445.733032 1437.229736 1431.463989 1438.707764 1442.893555 1447.861572 1450.978394 1453.427368 1453.830078 1454.463013 1452.891235 1446.730225 1439.529419 1430.900513 1424.595947 1417.911133 1407.516479 1400.451172 1397.637207 1398.479736 1397.403442
1449.19043 1443.506348 1438.968628 1432.643311 1423.455566 1410.29187 1396.864258 1387.676514 1378.72644 1368.138794 1348.639038 1354.988037 1358.247192 1362.304199 1368.921875 1381.465454 1391.445435 1399.994751 1415.703369 1428.176758 1440.443726 1443.865723 1446.430664 1448.279053 1449.366577 1451.150757 1454.294434 1457.961792 1461.787842 1463.373901 1463.317139 1462.180786 1459.531128 1453.976685 1447.289917 1439.090454 1436.380859 1443.124756 1448.707764 1454.275635 1459.015015 1462.295166 1462.262085 1459.895752 1456.469116 1451.893799 1444.245361 1437.102905 1427.615601 1414.620972 1410.383301 1406.262451 1408.565063 1407.104248 1404.553223
1459.954834 1448.404907 1442.858643 1435.243896 1423.792725 1407.341797 1393.910645 1383.950439 1374.38208 1364.678711 1355.06897 1352.248291 1358.797485 1364.362183 1373.058838 1383.72644 1394.041626 1404.35498 1420.266113 1433.820312 1443.461792 1448.493652 1451.12854 1452.045166 1452.901245 1455.302368 1458.925537 1462.63562 1465.349365 1466.131226 1465.784058 1464.869385 1462.240234 1456.418945 1450.498657 1440.749268 1440.912231 1449.020264 1454.987305 1462.363403 1467.364868 1470.073242 1469.155884 1464.777588 1458.855103 1452.190552 1446.113403 1439.311523 1430.885254 1418.36792 1413.65625 1418.67395 1419.213867 1414.785645 1411.019531
1462.338989 1448.695312 1442.680664 1435.374878 1425.418213 1405.441284 1388.880615 1378.888428 1370.215576 1362.618652 1356.27832 1350.131348 1360.028198 1369.202759 1380.955688 1391.728882 1398.80542 1411.173462 1423.637329 1438.63562 1448.651489 1452.976318 1455.08728 1456.513306 1457.784058 1459.921021 1462.783813 1465.619507 1467.759399 1468.466187 1468.184814 1466.889526 1464.320679 1458.780273 1453.306763 1444.036377 1445.632324 1453.71936 1462.120239 1470.032715 1475.871704 1477.718506 1476.109497 1466.316528 1460.769653 1453.54187 1449.47168 1442.953735 1434.923584 1425.958374 1427.602173 1430.383911 1429.335449 1423.072144 1416.97937
1459.648682 1448.671509 1442.239868 1434.149902 1424.512329 1407.322388 1388.633789 1379.151978 1370.074341 1362.628418 1356.125122 1349.68396 1363.85144 1378.627319 1391.321777 1398.411621 1407.358154 1419.451416 1427.25769 1442.647461 1452.787842 1456.00647 1458.641846 1461.072021 1462.567749 1463.612305 1466.275391 1468.735229 1470.580688 1471.175781 1470.75354 1468.651611 1464.393799 1459.933105 1454.520996 1447.121948 1450.651733 1463.161743 1467.524902 1476.703613 1481.122437 1483.093262 1478.399048 1473.638672 1468.140503 1463.273193 1457.53894 1452.400879 1441.265747 1435.188599 1437.292114 1437.325073 1434.747437 1430.012817 1425.770386
1461.175171 1449.598877 1443.337891 1433.915771 1421.490112 1407.692261 1390.370117 1380.10083 1369.580811 1361.455566 1354.46814 1351.669189 1372.062866 1387.546631 1397.323486 1406.99292 1419.099365 1428.265503 1437.042358 1447.24353 1454.884033 1459.269653 1461.902588 1465.015869 1466.842651 1468.085205 1470.103394 1472.441162 1473.828125 1474.146973 1473.947266 1471.391113 1466.653931 1462.832153 1456.262695 1450.696655 1457.604126 1466.192993 1470.530151 1480.866821 1486.724854 1489.520264 1489.170532 1484.266235 1478.498169 1472.017212 1465.730347 1459.255371 1450.083984 1443.88855 1445.328247 1444.837158 1441.21228 1436.277832 1433.555054
1465.328857 1451.382935 1444.310059 1435.305786 1418.404053 1406.126587 1390.957764 1380.415649 1366.228394 1357.797607 1350.94751 1361.764038 1379.307251 1393.405884 1402.752319 1418.012695 1429.218994 1439.303711 1445.854858 1451.532593 1460.897949 1462.939209 1465.315918 1468.350342 1470.563965 1472.129517 1474.253296 1476.311157 1478.059692 1478.28894 1478.036987 1474.777588 1470.207642 1465.525024 1457.82605 1454.959717 1461.796753 1468.293457 1473.132812 1485.567627 1492.257446 1496.346558 1496.695435 1493.260132 1485.939331 1478.676147 1471.566162 1464.852539 1454.659302 1453.646484 1456.522217 1454.89917 1450.232056 1441.757446 1439.855713
