gears/src/test/resources/formats/asc/SWAN_NURC_LigurianSeaL07_HSIGN.asc
NCOLS 278
NROWS 144
XLLCENTER 8.118000030517578
YLLCENTER 43.191001892089844
CELLSIZE 0.008999999478566561
NODATA_VALUE -9.0
[rows 120 to 139 of 144, columns 225 to 269 of 278]
0.6159700155258179 0.6129900217056274 0.609470009803772 0.6055600047111511 0.6012399792671204 0.5964099764823914 0.590969979763031 0.5848199725151062 0.5778899788856506 0.5700100064277649 0.5622199773788452 0.5544099807739258 0.5478399991989136 0.5445399880409241 0.5415999889373779 0.5433300137519836 0.5364599823951721 0.5374400019645691 0.5353000164031982 0.5232499837875366 0.4978399872779846 0.48611000180244446 0.48921999335289 0.49599000811576843 0.5059000253677368 0.5099700093269348 0.4717699885368347 0.4369699954986572 0.4182800054550171 0.4000000059604645 0.39162999391555786 0.45124998688697815 -9.0 -9.0 -9.0 -9.0 -9.0 -9.0 -9.0 -9.0 -9.0 -9.0 -9.0 -9.0 -9.0
0.619350016117096 0.6166099905967712 0.6133000254631042 0.6096199750900269 0.6055499911308289 0.6010000109672546 0.5958700180053711 0.5900499820709229 0.583329975605011 0.575439989566803 0.5668699741363525 0.5572900176048279 0.548829972743988 0.5434100031852722 0.5388500094413757 0.541130006313324 0.533840000629425 0.5381699800491333 0.5393099784851074 0.5296000242233276 0.5041000247001648 0.4940899908542633 0.5004500150680542 0.5120999813079834 0.528410017490387 0.5373700261116028 0.4895800054073334 0.4518499970436096 0.4329400062561035 0.40821999311447144 0.38043999671936035 0.42785000801086426 -9.0 -9.0 -9.0 -9.0 -9.0 -9.0 -9.0 -9.0 -9.0 -9.0 -9.0 -9.0 -9.0
0.6229100227355957 0.620389997959137 0.6172999739646912 0.6138899922370911 0.6101199984550476 0.6058899760246277 0.6010800004005432 0.5956599712371826 0.5893399715423584 0.5817700028419495 0.5729900002479553 0.5622599720954895 0.5511999726295471 0.5437300205230713 0.5371299982070923 0.5385299921035767 0.5295500159263611 0.5376200079917908 0.5418699979782104 0.5348899960517883 0.5109599828720093 0.5029900074005127 0.5121600031852722 0.5310099720954895 0.557479977607727 0.569130003452301 0.5083900094032288 0.46434998512268066 0.4453499913215637 0.41253000497817993 0.3692600131034851 0.383109986782074 0.3654100000858307 -9.0 -9.0 -9.0 -9.0 -9.0 -9.0 -9.0 -9.0 -9.0 -9.0 -9.0 -9.0
0.6269999742507935 0.6246899962425232 0.6218299865722656 0.6187499761581421 0.615339994430542 0.6114799976348877 0.6070500016212463 0.6020500063896179 0.5961999893188477 0.5892300009727478 0.5808799862861633 0.5705000162124634 0.5588700175285339 0.5464800000190735 0.5361499786376953 0.5359799861907959 0.5243899822235107 0.5366399884223938 0.5428299903869629 0.5385299921035767 0.517549991607666 0.5137100219726562 0.5258600115776062 0.5538300275802612 0.5927199721336365 0.6051099896430969 0.5265799760818481 0.47380000352859497 0.4535900056362152 0.411980003118515 0.36221998929977417 0.3380799889564514 0.4008300006389618 -9.0 -9.0 -9.0 -9.0 -9.0 -9.0 -9.0 -9.0 -9.0 -9.0 -9.0 -9.0
0.6302800178527832 0.6283000111579895 0.625789999961853 0.6230999827384949 0.6201000213623047 0.6166700124740601 0.6126700043678284 0.6081100106239319 0.6027899980545044 0.5964699983596802 0.588729977607727 0.5790799856185913 0.5676199793815613 0.5531700253486633 0.5381600260734558 0.5335100293159485 0.5194399952888489 0.5360299944877625 0.5402600169181824 0.5366100072860718 0.5221700072288513 0.5302000045776367 0.5463600158691406 0.5822799801826477 0.6338800191879272 0.6427299976348877 0.5419600009918213 0.47620999813079834 0.4555400013923645 0.41047000885009766 0.3772599995136261 0.4443100094795227 0.588450014591217 0.5613700151443481 -9.0 -9.0 -9.0 -9.0 -9.0 -9.0 -9.0 -9.0 -9.0 -9.0 -9.0
0.6331400275230408 0.6317300200462341 0.6296600103378296 0.6273699998855591 0.624779999256134 0.6218100190162659 0.6183099746704102 0.6142399907112122 0.6094300150871277 0.6036900281906128 0.5966399908065796 0.5879300236701965 0.5774700045585632 0.5631600022315979 0.5458899736404419 0.5332599878311157 0.514549970626831 0.5369799733161926 0.5347700119018555 0.5292199850082397 0.525600016117096 0.5535500049591064 0.5745000243186951 0.6119300127029419 0.6734899878501892 0.6748200058937073 0.5518500208854675 0.4797999858856201 0.4673599898815155 0.4397900104522705 0.45530998706817627 0.5653499960899353 0.7357500195503235 0.7311300039291382 0.5636100172996521 -9.0 -9.0 -9.0 -9.0 -9.0 -9.0 -9.0 -9.0 -9.0 -9.0
0.636900007724762 0.6352599859237671 0.6334699988365173 0.6315299868583679 0.629360020160675 0.6268399953842163 0.6238899827003479 0.6203699707984924 0.6161699891090393 0.6110799908638 0.6047999858856201 0.5970199704170227 0.5877599716186523 0.5747699737548828 0.5582299828529358 0.5425099730491638 0.5124199986457825 0.5235300064086914 0.5165500044822693 0.5101500153541565 0.5109699964523315 0.5506100058555603 0.5811700224876404 0.6192299723625183 0.6946099996566772 0.686710000038147 0.54093998670578 0.47196000814437866 0.48517999053001404 0.49553999304771423 0.5561100244522095 0.6364700198173523 0.7518399953842163 0.756659984588623 0.6674500107765198 -9.0 -9.0 -9.0 -9.0 -9.0 -9.0 -9.0 -9.0 -9.0 -9.0
0.6402999758720398 0.6388499736785889 0.6372900009155273 0.635640025138855 0.6338199973106384 0.6317399740219116 0.6293200254440308 0.6264100074768066 0.6229100227355957 0.6186000108718872 0.6131700277328491 0.6063899993896484 0.5982099771499634 0.5867099761962891 0.5727599859237671 0.5558199882507324 0.5261200070381165 0.523140013217926 0.5058799982070923 0.4982900023460388 0.5097100138664246 0.5562499761581421 0.5933600068092346 0.6065700054168701 0.6687300205230713 0.6537200212478638 0.527209997177124 0.46366000175476074 0.5115000009536743 0.561739981174469 0.6022800207138062 0.6119199991226196 0.6423599720001221 0.6692000031471252 0.6440600156784058 -9.0 -9.0 -9.0 -9.0 -9.0 -9.0 -9.0 -9.0 -9.0 -9.0
0.6433899998664856 0.6420900225639343 0.6407099962234497 0.6392599940299988 0.6376699805259705 0.635890007019043 0.633870005607605 0.6315299868583679 0.6287699937820435 0.6253100037574768 0.6208500266075134 0.6152499914169312 0.608240008354187 0.5982400178909302 0.5871000289916992 0.5726000070571899 0.5537099838256836 0.5434899926185608 0.5212399959564209 0.5109699964523315 0.5304800271987915 0.5622599720954895 0.6143500208854675 0.5936400294303894 0.6309199929237366 0.6172299981117249 0.5250899791717529 0.48984000086784363 0.552370011806488 0.5985199809074402 0.5713000297546387 0.5577899813652039 0.5822100043296814 0.5801799893379211 0.5059800148010254 0.5059800148010254 -9.0 -9.0 -9.0 -9.0 -9.0 -9.0 -9.0 -9.0 -9.0
0.6466100215911865 0.6454399824142456 0.6442099809646606 0.6429200172424316 0.6415299773216248 0.6399999856948853 0.6383299827575684 0.63646000623703 0.6343200206756592 0.6316800117492676 0.6282299757003784 0.6239100098609924 0.6183900237083435 0.6099500060081482 0.6006900072097778 0.5890399813652039 0.5712100267410278 0.5645400285720825 0.5486999750137329 0.5280699729919434 0.5545799732208252 0.5736299753189087 0.6116899847984314 0.5924100279808044 0.5591700077056885 0.5785199999809265 0.5617300271987915 0.5452200174331665 0.5859900116920471 0.5923299789428711 0.5290600061416626 0.5325000286102295 0.49369001388549805 0.4554600119590759 0.4867999851703644 0.5876500010490417 0.6078600287437439 -9.0 -9.0 -9.0 -9.0 -9.0 -9.0 -9.0 -9.0
0.6492300033569336 0.6482300162315369 0.647159993648529 0.6460199952125549 0.6448000073432922 0.6434500217437744 0.6420000195503235 0.6404500007629395 0.6387699842453003 0.6367800235748291 0.6342499852180481 0.6312199831008911 0.6273000240325928 0.620639979839325 0.6133900284767151 0.6038600206375122 0.5877799987792969 0.5806400179862976 0.5641700029373169 0.550279974937439 0.5692800283432007 0.5761799812316895 0.57819002866745 0.5465899705886841 0.5193899869918823 0.5622400045394897 0.6036900281906128 0.5853700041770935 0.5762400031089783 0.5658699870109558 0.5078200101852417 0.5087699890136719 0.46417999267578125 0.4565199911594391 0.48410001397132874 0.4990699887275696 0.5367400050163269 0.5318599939346313 -9.0 -9.0 -9.0 -9.0 -9.0 -9.0 -9.0
0.6513000130653381 0.6504300236701965 0.6495000123977661 0.6485000252723694 0.6474300026893616 0.6462399959564209 0.6449599862098694 0.6436100006103516 0.6421999931335449 0.6406300067901611 0.638700008392334 0.636680006980896 0.6342700123786926 0.629360020160675 0.6244900226593018 0.6174799799919128 0.6030700206756592 0.5969799757003784 0.5822200179100037 0.5638099908828735 0.5763099789619446 0.5759900212287903 0.566860020160675 0.5446000099182129 0.5197700262069702 0.5555899739265442 0.5914199948310852 0.5711299777030945 0.5686500072479248 0.5648000240325928 0.5181699991226196 0.5069699883460999 0.4724299907684326 0.4673900008201599 0.47909998893737793 0.46000000834465027 0.4724000096321106 0.4781399965286255 0.5490999817848206 0.5001500248908997 -9.0 -9.0 -9.0 -9.0 -9.0
0.6531100273132324 0.6523500084877014 0.6515499949455261 0.6506999731063843 0.6497700214385986 0.6487200260162354 0.647599995136261 0.6463900208473206 0.6451299786567688 0.6437600255012512 0.6421300172805786 0.6404799818992615 0.6391000151634216 0.6357399821281433 0.6328799724578857 0.6279799938201904 0.6185500025749207 0.610729992389679 0.5952200293540955 0.5782899856567383 0.578000009059906 0.571179986000061 0.5576800107955933 0.5483300089836121 0.5276700258255005 0.559689998626709 0.5803499817848206 0.5664499998092651 0.5641199946403503 0.5601300001144409 0.5229200124740601 0.5088499784469604 0.48921000957489014 0.4819900095462799 0.4856399893760681 0.4729599952697754 0.4702399969100952 0.47297999262809753 0.47053998708724976 0.49261999130249023 0.4920099973678589 -9.0 -9.0 -9.0 -9.0
0.6548100113868713 0.6541500091552734 0.6534600257873535 0.6527400016784668 0.6519500017166138 0.6510499715805054 0.6500899791717529 0.6490399837493896 0.6478999853134155 0.6465799808502197 0.6449800133705139 0.6434900164604187 0.6415799856185913 0.6383500099182129 0.636650025844574 0.633650004863739 0.6284800171852112 0.6231799721717834 0.6139199733734131 0.5971400141716003 0.5910400152206421 0.5861300230026245 0.5813400149345398 0.5710700154304504 0.552590012550354 0.561240017414093 0.5777599811553955 0.5746700167655945 0.5644099712371826 0.5593000054359436 0.5302900075912476 0.5233700275421143 0.5083199739456177 0.5 0.4998700022697449 0.49327999353408813 0.48379001021385193 0.47508999705314636 0.4619300067424774 0.4674699902534485 0.5092899799346924 -9.0 -9.0 -9.0 -9.0
0.6571000218391418 0.6565399765968323 0.6559500098228455 0.6553500294685364 0.654699981212616 0.6539700031280518 0.6531599760055542 0.6522499918937683 0.6511899828910828 0.6499099731445312 0.6482499837875366 0.6466100215911865 0.64478999376297 0.640529990196228 0.6383600234985352 0.6366400122642517 0.6340500116348267 0.6315699815750122 0.6264299750328064 0.6208800077438354 0.6183800101280212 0.6096000075340271 0.6071100234985352 0.5954599976539612 0.5835700035095215 0.5763499736785889 0.5763800144195557 0.5776600241661072 0.5658199787139893 0.5656800270080566 0.5433300137519836 0.5412399768829346 0.5263699889183044 0.5182899832725525 0.5152300000190735 0.5063700079917908 0.4960100054740906 0.48337000608444214 0.4656499922275543 0.4477500021457672 0.465939998626709 0.48820000886917114 -9.0 -9.0 -9.0
0.6601899862289429 0.6597999930381775 0.6593700051307678 0.6588699817657471 0.6583300232887268 0.6577200293540955 0.6570500135421753 0.65625 0.6552799940109253 0.6541000008583069 0.6526200175285339 0.6510300040245056 0.6490300297737122 0.6459199786186218 0.6450099945068359 0.643280029296875 0.641319990158081 0.6394400000572205 0.6366000175476074 0.633650004863739 0.631060004234314 0.6267799735069275 0.6227399706840515 0.6142799854278564 0.602940022945404 0.5934500098228455 0.5882300138473511 0.5823400020599365 0.5718399882316589 0.5684199929237366 0.5593100190162659 0.5560899972915649 0.5454400181770325 0.5360900163650513 0.5298299789428711 0.5200099945068359 0.5093200206756592 0.49145999550819397 0.4717699885368347 0.4624600112438202 0.4585700035095215 0.49932000041007996 -9.0 -9.0 -9.0
0.6609500050544739 0.6606600284576416 0.6603299975395203 0.6599599719047546 0.6595500111579895 0.6590800285339355 0.6585699915885925 0.6579599976539612 0.6572200059890747 0.6563100218772888 0.655239999294281 0.6541399955749512 0.6525899767875671 0.6509900093078613 0.6505500078201294 0.6495100259780884 0.6480799913406372 0.646399974822998 0.6441299915313721 0.6413999795913696 0.6390399932861328 0.6363199949264526 0.632390022277832 0.6274399757385254 0.6203500032424927 0.6106399893760681 0.6068599820137024 0.6038600206375122 0.5913900136947632 0.5849900245666504 0.5768700242042542 0.5736899971961975 0.5644699931144714 0.5543799996376038 0.545520007610321 0.5358800292015076 0.5259600281715393 0.505050003528595 0.48319000005722046 0.4760800004005432 0.4552600085735321 0.480569988489151 0.5341399908065796 -9.0 -9.0
0.6613399982452393 0.6610999703407288 0.6608499884605408 0.6605899930000305 0.660290002822876 0.6599500179290771 0.6595699787139893 0.6591200232505798 0.6586099863052368 0.6579599976539612 0.6572499871253967 0.656440019607544 0.6554200053215027 0.6546099781990051 0.6542999744415283 0.653469979763031 0.6523299813270569 0.6509900093078613 0.6494799852371216 0.6476100087165833 0.6453800201416016 0.6432499885559082 0.6403899788856506 0.6368700265884399 0.6323599815368652 0.6266800165176392 0.6207900047302246 0.61913001537323 0.6121799945831299 0.6047499775886536 0.5961599946022034 0.5902000069618225 0.5808299779891968 0.5715399980545044 0.5625500082969666 0.554069995880127 0.5455399751663208 0.5238100290298462 0.498879998922348 0.48895999789237976 0.4628700017929077 0.4828999936580658 0.5353099703788757 -9.0 -9.0
0.6619099974632263 0.6617299914360046 0.6615300178527832 0.661329984664917 0.6611300110816956 0.6608700156211853 0.6605899930000305 0.6602699756622314 0.6599000096321106 0.6594600081443787 0.6589499711990356 0.6584100127220154 0.6577900052070618 0.657289981842041 0.6569300293922424 0.6563000082969666 0.6554399728775024 0.6544899940490723 0.653410017490387 0.6521199941635132 0.6506400108337402 0.6489400267601013 0.6468799710273743 0.6444000005722046 0.6413400173187256 0.637660026550293 0.6335399746894836 0.6294000148773193 0.6240299940109253 0.6176699995994568 0.609749972820282 0.6050599813461304 0.5960400104522705 0.5884299874305725 0.5804799795150757 0.572920024394989 0.5654100179672241 0.5446699857711792 0.5186399817466736 0.5077400207519531 0.48715999722480774 0.4943700134754181 0.5347399711608887 -9.0 -9.0
0.6629599928855896 0.6628299951553345 0.6626999974250793 0.662559986114502 0.6624000072479248 0.6622400283813477 0.6620500087738037 0.6618099808692932 0.661549985408783 0.6612499952316284 0.6608999967575073 0.6605600118637085 0.6601600050926208 0.6598299741744995 0.6594799757003784 0.6590399742126465 0.6584399938583374 0.6578199863433838 0.6570799946784973 0.6561499834060669 0.6550899744033813 0.6538699865341187 0.6523600220680237 0.6506900191307068 0.6487699747085571 0.6462699770927429 0.6432600021362305 0.6396200060844421 0.6354799866676331 0.6309499740600586 0.6242799758911133 0.6214600205421448 0.6129800081253052 0.6066399812698364 0.5996500253677368 0.5930899977684021 0.586139976978302 0.5678300261497498 0.5444599986076355 0.5289400219917297 0.5170800089836121 0.5043799877166748 0.5372800230979919 -9.0 -9.0
