gears/src/test/resources/formats/asc/SWAN_NURC_LigurianSeaL07_HSIGN.asc
NCOLS 278
NROWS 144
XLLCENTER 8.118000030517578
YLLCENTER 43.191001892089844
CELLSIZE 0.008999999478566561
NODATA_VALUE -9.0
[rows 80 to 99 of 144, columns 135 to 179 of 278]
0.6338499784469604 0.6330000162124634 0.6321600079536438 0.6313899755477905 0.6306800246238708 0.6300100088119507 0.6293699741363525 0.6287599802017212 0.6281899809837341 0.6276500225067139 0.6271200180053711 0.626550018787384 0.6259099841117859 0.6252300143241882 0.6245599985122681 0.6238999962806702 0.62322998046875 0.6225100159645081 0.6217300295829773 0.6208900213241577 0.6200399994850159 0.6191800236701965 0.6183599829673767 0.6175900101661682 0.616919994354248 0.6164000034332275 0.6159999966621399 0.6155099868774414 0.6149899959564209 0.614549994468689 0.6137800216674805 0.6131299734115601 0.6127099990844727 0.6118299961090088 0.6108099818229675 0.6097599864006042 0.6086099743843079 0.6074900031089783 0.6065800189971924 0.6053900122642517 0.603950023651123 0.6024900078773499 0.6012499928474426 0.600130021572113 0.5992400050163269
0.6340600252151489 0.6331899762153625 0.6323500275611877 0.6315600275993347 0.6308199763298035 0.6301299929618835 0.6294599771499634 0.6288099884986877 0.6281999945640564 0.6276199817657471 0.6270700097084045 0.6264899969100952 0.6258699893951416 0.6252300143241882 0.6245999932289124 0.6240100264549255 0.623420000076294 0.6227899789810181 0.6220899820327759 0.6213200092315674 0.6205199956893921 0.6197299957275391 0.618939995765686 0.6182100176811218 0.6175600290298462 0.6169999837875366 0.6164699792861938 0.615809977054596 0.6150799989700317 0.6143800020217896 0.6134700179100037 0.6126899719238281 0.612089991569519 0.6112300157546997 0.6102700233459473 0.609250009059906 0.6081399917602539 0.6070299744606018 0.6061300039291382 0.6050000190734863 0.6035799980163574 0.6020699739456177 0.6006900072097778 0.5994600057601929 0.5985100269317627
0.6346499919891357 0.6337500214576721 0.6328799724578857 0.6320599913597107 0.631309986114502 0.63059002161026 0.6298900246620178 0.6291999816894531 0.6285399794578552 0.6279100179672241 0.6273000240325928 0.6266700029373169 0.6260200142860413 0.6253700256347656 0.624750018119812 0.624180018901825 0.6236400008201599 0.6230599880218506 0.6224200129508972 0.6217399835586548 0.6210200190544128 0.6203200221061707 0.6196200251579285 0.6189500093460083 0.618340015411377 0.6177600026130676 0.617139995098114 0.6163899898529053 0.615559995174408 0.6147099733352661 0.6137199997901917 0.612820029258728 0.6120200157165527 0.6111000180244446 0.6101199984550476 0.6090800166130066 0.6079800128936768 0.6068800091743469 0.6059799790382385 0.6049000024795532 0.6035400032997131 0.6020200252532959 0.6005399823188782 0.5991799831390381 0.5981000065803528
0.6368200182914734 0.635699987411499 0.634440004825592 0.6332499980926514 0.6322500109672546 0.6313999891281128 0.630620002746582 0.629859983921051 0.6291300058364868 0.6284099817276001 0.6277199983596802 0.6270099878311157 0.6262900233268738 0.6255900263786316 0.624970018863678 0.6244300007820129 0.6239200234413147 0.6233999729156494 0.6228299736976624 0.6222400069236755 0.6216400265693665 0.6210500001907349 0.6204699873924255 0.6199100017547607 0.6193699836730957 0.6187999844551086 0.618149995803833 0.6173700094223022 0.6164900064468384 0.6155700087547302 0.614549994468689 0.613569974899292 0.6126199960708618 0.6116099953651428 0.6105800271034241 0.6094899773597717 0.6083499789237976 0.607230007648468 0.6062800288200378 0.60521000623703 0.6039000153541565 0.602400004863739 0.6008599996566772 0.5993800163269043 0.5981500148773193
0.6385400295257568 0.6373500227928162 0.6360200047492981 0.6347600221633911 0.6336699724197388 0.6327300071716309 0.6318699717521667 0.6310300230979919 0.6302000284194946 0.6294000148773193 0.6286100149154663 0.627810001373291 0.6270099878311157 0.626230001449585 0.6255599856376648 0.6249799728393555 0.6244699954986572 0.623960018157959 0.6234400272369385 0.6229100227355957 0.6223899722099304 0.6219199895858765 0.6214600205421448 0.6210100054740906 0.6205599904060364 0.6200399994850159 0.61940997838974 0.6186400055885315 0.6177700161933899 0.6168199777603149 0.6157900094985962 0.6147599816322327 0.6137099862098694 0.6126300096511841 0.6115599870681763 0.6104199886322021 0.6092299818992615 0.6080600023269653 0.6070299744606018 0.6059200167655945 0.604610025882721 0.6031200289726257 0.6015499830245972 0.5999600291252136 0.5985900163650513
0.6396099925041199 0.6384699940681458 0.6373199820518494 0.6362199783325195 0.6352199912071228 0.6342999935150146 0.633400022983551 0.6324899792671204 0.631600022315979 0.6307299733161926 0.6298699975013733 0.629010021686554 0.6281399726867676 0.6272900104522705 0.6265400052070618 0.6258999705314636 0.6253299713134766 0.624779999256134 0.6242200136184692 0.6237000226974487 0.6232200264930725 0.6228200197219849 0.622439980506897 0.6220800280570984 0.6216999888420105 0.6212499737739563 0.6206700205802917 0.619949996471405 0.6190999746322632 0.618149995803833 0.6171299815177917 0.6160899996757507 0.6149799823760986 0.613860011100769 0.6127499938011169 0.6115700006484985 0.6103299856185913 0.6091200113296509 0.6080099940299988 0.6068400144577026 0.6055099964141846 0.6040300130844116 0.6024500131607056 0.6008099913597107 0.5993199944496155
0.6411700248718262 0.6400099992752075 0.6388800144195557 0.6378099918365479 0.6367899775505066 0.6358299851417542 0.6348699927330017 0.6339200139045715 0.6329799890518188 0.632070004940033 0.6311799883842468 0.630299985408783 0.6294000148773193 0.6285300254821777 0.6277400255203247 0.6270400285720825 0.6264100074768066 0.625789999961853 0.6251800060272217 0.6246200203895569 0.6241199970245361 0.623740017414093 0.6233900189399719 0.6230700016021729 0.622730016708374 0.6223199963569641 0.6217899918556213 0.6211100220680237 0.6202800273895264 0.6193699836730957 0.6183800101280212 0.6173400282859802 0.6162099838256836 0.6150799989700317 0.6139500141143799 0.6127200126647949 0.6114299893379211 0.6101899743080139 0.6090199947357178 0.6078000068664551 0.6064599752426147 0.6049900054931641 0.603410005569458 0.6017600297927856 0.6002100110054016
0.6427000164985657 0.6415299773216248 0.6403599977493286 0.639240026473999 0.6381800174713135 0.637179970741272 0.6362000107765198 0.6352300047874451 0.6342700123786926 0.6333500146865845 0.6324599981307983 0.6315799951553345 0.6307100057601929 0.6298499703407288 0.6290599703788757 0.628350019454956 0.6276800036430359 0.627020001411438 0.6263599991798401 0.6257399916648865 0.6251999735832214 0.6248000264167786 0.6244500279426575 0.6241199970245361 0.623769998550415 0.6233500242233276 0.6228299736976624 0.6221699714660645 0.6213799715042114 0.6205000281333923 0.6195499897003174 0.6185200214385986 0.617389976978302 0.6162499785423279 0.6151000261306763 0.6138299703598022 0.6124899983406067 0.6111900210380554 0.6099600195884705 0.6086900234222412 0.6073200106620789 0.6058599948883057 0.6043000221252441 0.6026600003242493 0.6010800004005432
0.6439800262451172 0.6428700089454651 0.6417199969291687 0.6406000256538391 0.639549970626831 0.6385599970817566 0.6376000046730042 0.636650025844574 0.6357200145721436 0.6348099708557129 0.6339200139045715 0.6330599784851074 0.6322100162506104 0.6313899755477905 0.630620002746582 0.6299200057983398 0.6292600035667419 0.628570020198822 0.6278700232505798 0.6272199749946594 0.6266300082206726 0.6262199878692627 0.625819981098175 0.6254299879074097 0.6249899864196777 0.6244999766349792 0.6239399909973145 0.6232600212097168 0.6224799752235413 0.6216300129890442 0.620710015296936 0.6196799874305725 0.6185700297355652 0.6174299716949463 0.6162700057029724 0.6149600148200989 0.6135600209236145 0.6122000217437744 0.6108899712562561 0.6095600128173828 0.6081399917602539 0.6066399812698364 0.6050800085067749 0.6034600138664246 0.6018700003623962
0.6457200050354004 0.6446899771690369 0.6435499787330627 0.6424499750137329 0.6414200067520142 0.640470027923584 0.6395599842071533 0.6386399865150452 0.6377099752426147 0.6367899775505066 0.6359099745750427 0.6350499987602234 0.6342099905014038 0.6333799958229065 0.6326000094413757 0.6318899989128113 0.6312100291252136 0.6305099725723267 0.6297699809074402 0.629069983959198 0.6284300088882446 0.6279799938201904 0.6274600028991699 0.6268900036811829 0.6264399886131287 0.6261199712753296 0.6257500052452087 0.6253700256347656 0.6248599886894226 0.6241499781608582 0.6232600212097168 0.622189998626709 0.6210100054740906 0.6198400259017944 0.6187199950218201 0.6174200177192688 0.6159899830818176 0.6146000027656555 0.6132599711418152 0.6118800044059753 0.6104400157928467 0.6089299917221069 0.6073600053787231 0.6057900190353394 0.6042100191116333
0.6478099822998047 0.646809995174408 0.6456500291824341 0.6445599794387817 0.643589973449707 0.64274001121521 0.6419199705123901 0.6410700082778931 0.6401699781417847 0.6392599940299988 0.6383600234985352 0.6374899744987488 0.6366099715232849 0.6357200145721436 0.6348900198936462 0.6341500282287598 0.633430004119873 0.6326900124549866 0.6319100260734558 0.6311299800872803 0.6304000020027161 0.629830002784729 0.6291599869728088 0.6288300156593323 0.6298900246620178 0.6311500072479248 0.6311799883842468 0.6309599876403809 0.630620002746582 0.6300699710845947 0.6291400194168091 0.6280400156974792 0.6269099712371826 0.6257799863815308 0.624779999256134 0.6235700249671936 0.6222699880599976 0.6209700107574463 0.619629979133606 0.6182399988174438 0.6168500185012817 0.615339994430542 0.6136699914932251 0.612060010433197 0.610450029373169
0.6499300003051758 0.6489400267601013 0.6477299928665161 0.6466400027275085 0.6456999778747559 0.6449599862098694 0.6442700028419495 0.6435099840164185 0.6426799893379211 0.6418099999427795 0.6409400105476379 0.6400600075721741 0.6391699910163879 0.6381999850273132 0.6372900009155273 0.6365000009536743 0.6357399821281433 0.6349400281906128 0.6340699791908264 0.6331700086593628 0.6322900056838989 0.6315799951553345 0.6309999823570251 0.632070004940033 0.6355599761009216 0.6369199752807617 0.6369600296020508 0.6364399790763855 0.6361200213432312 0.6355699896812439 0.6348199844360352 0.6339399814605713 0.6329600214958191 0.6319800019264221 0.6310399770736694 0.6299300193786621 0.6287699937820435 0.6274899840354919 0.6263099908828735 0.625 0.6236400008201599 0.6220800280570984 0.620389997959137 0.6187199950218201 0.6170399785041809
0.6509299874305725 0.6501700282096863 0.6492499709129333 0.648419976234436 0.6477100253105164 0.6471199989318848 0.6464999914169312 0.6458200216293335 0.6450499892234802 0.6442400217056274 0.6434000134468079 0.6425399780273438 0.6416199803352356 0.6406800150871277 0.639769971370697 0.6389200091362 0.6380699872970581 0.6371899843215942 0.6362199783325195 0.635200023651123 0.6341999769210815 0.6334199905395508 0.6330500245094299 0.6350399851799011 0.6387699842453003 0.6402000188827515 0.639930009841919 0.6393600106239319 0.6389700174331665 0.6384599804878235 0.6376299858093262 0.6368700265884399 0.6357799768447876 0.6348199844360352 0.6340299844741821 0.6331999897956848 0.6320400238037109 0.6306099891662598 0.6294000148773193 0.6281700134277344 0.626800000667572 0.6253200173377991 0.6236100196838379 0.6219800114631653 0.620140016078949
0.6511800289154053 0.6507599949836731 0.65038001537323 0.6499699950218201 0.6495000123977661 0.6489700078964233 0.6484100222587585 0.6477800011634827 0.6470800042152405 0.6463500261306763 0.6455900073051453 0.64478999376297 0.6439200043678284 0.6430100202560425 0.6420900225639343 0.6411899924278259 0.6403200030326843 0.6394000053405762 0.6383600234985352 0.6372799873352051 0.6362500190734863 0.6355100274085999 0.6352900266647339 0.6367800235748291 0.6395900249481201 0.6406199932098389 0.6400099992752075 0.6396700143814087 0.639460027217865 0.6389700174331665 0.637660026550293 0.6368499994277954 0.6359500288963318 0.6349599957466125 0.6340600252151489 0.6329500079154968 0.631820023059845 0.6304600238800049 0.6292999982833862 0.6280199885368347 0.6266599893569946 0.6254799962043762 0.6234400272369385 0.6217300295829773 0.6200299859046936
0.6522600054740906 0.6519100069999695 0.6515799760818481 0.6512200236320496 0.6507800221443176 0.6502900123596191 0.6497600078582764 0.6491900086402893 0.6485599875450134 0.6478999853134155 0.6472300291061401 0.6465299725532532 0.6457599997520447 0.6449400186538696 0.64410001039505 0.6432600021362305 0.6423900127410889 0.6414399743080139 0.6403899788856506 0.6393399834632874 0.6383900046348572 0.6377099752426147 0.6375200152397156 0.6380699872970581 0.6390200257301331 0.6393899917602539 0.6386500000953674 0.6384599804878235 0.6381700038909912 0.6376000046730042 0.6365699768066406 0.6357600092887878 0.6347600221633911 0.6337299942970276 0.6327700018882751 0.6315900087356567 0.6303399801254272 0.6290799975395203 0.6279500126838684 0.6267499923706055 0.6254600286483765 0.6242899894714355 0.6223400235176086 0.6204900145530701 0.6188399791717529
0.6527699828147888 0.6524900197982788 0.6522300243377686 0.6519299745559692 0.6515499949455261 0.6511200070381165 0.65065997838974 0.6501399874687195 0.6495800018310547 0.6489800214767456 0.6483700275421143 0.6477500200271606 0.6470800042152405 0.6463599801063538 0.6456300020217896 0.6448900103569031 0.6441100239753723 0.6432499885559082 0.6423199772834778 0.6413800120353699 0.6405500173568726 0.639930009841919 0.6396700143814087 0.6396099925041199 0.6394199728965759 0.6390100121498108 0.6381499767303467 0.6377999782562256 0.6373599767684937 0.6366699934005737 0.6357899904251099 0.6349899768829346 0.6339600086212158 0.632889986038208 0.6318899989128113 0.6306599974632263 0.6292499899864197 0.6279799938201904 0.6268399953842163 0.6257699728012085 0.6245599985122681 0.6233999729156494 0.6216099858283997 0.6197100281715393 0.6180800199508667
0.6526899933815002 0.6525200009346008 0.6523100137710571 0.6520400047302246 0.6517300009727478 0.6513800024986267 0.6509900093078613 0.6505500078201294 0.6500399708747864 0.6494899988174438 0.6489499807357788 0.648419976234436 0.647849977016449 0.6472499966621399 0.6466299891471863 0.6460199952125549 0.6453800201416016 0.6446700096130371 0.6438999772071838 0.6431199908256531 0.6424300074577332 0.6419000029563904 0.6415600180625916 0.6411600112915039 0.6404200196266174 0.639460027217865 0.6384000182151794 0.6377300024032593 0.6370700001716614 0.6362299919128418 0.6353300213813782 0.6344699859619141 0.633400022983551 0.6322600245475769 0.6311900019645691 0.629830002784729 0.6282200217247009 0.6268200278282166 0.6255999803543091 0.6245399713516235 0.6233400106430054 0.6221699714660645 0.6205199956893921 0.6186500191688538 0.6170499920845032
0.652459979057312 0.6523100137710571 0.6521599888801575 0.6519700288772583 0.6517400145530701 0.6514899730682373 0.6511899828910828 0.6508399844169617 0.650409996509552 0.6499500274658203 0.6495000123977661 0.6490799784660339 0.648639976978302 0.6481800079345703 0.6477000117301941 0.6472200155258179 0.6467000246047974 0.646120011806488 0.6455100178718567 0.6448900103569031 0.6443600058555603 0.6439200043678284 0.6435199975967407 0.6429299712181091 0.6419500112533569 0.6407399773597717 0.6395400166511536 0.6385599970817566 0.6376299858093262 0.6366000175476074 0.6355800032615662 0.6345999836921692 0.6334499716758728 0.6322299838066101 0.6310499906539917 0.6295199990272522 0.6277099847793579 0.6261299848556519 0.6247199773788452 0.623520016670227 0.622189998626709 0.620959997177124 0.6193699836730957 0.6175400018692017 0.6159700155258179
0.6525899767875671 0.6524500250816345 0.6523100137710571 0.6521400213241577 0.651960015296936 0.6517699956893921 0.6515499949455261 0.6512899994850159 0.6509699821472168 0.6506199836730957 0.6502799987792969 0.6499599814414978 0.6496599912643433 0.6493300199508667 0.6489899754524231 0.6486300230026245 0.6482200026512146 0.6477699875831604 0.6472899913787842 0.6468300223350525 0.6464300155639648 0.6460700035095215 0.6456599831581116 0.6449900269508362 0.6439800262451172 0.6427299976348877 0.641510009765625 0.6403599977493286 0.6392199993133545 0.6380299925804138 0.6368600130081177 0.6357300281524658 0.6344900131225586 0.6331700086593628 0.6318600177764893 0.6301599740982056 0.6281899809837341 0.6264200210571289 0.6248000264167786 0.6233400106430054 0.6217799782752991 0.620389997959137 0.6187599897384644 0.6169099807739258 0.6152899861335754
0.653219997882843 0.6530699729919434 0.6529099941253662 0.6527500152587891 0.6525700092315674 0.652400016784668 0.6522300243377686 0.6520299911499023 0.6517900228500366 0.6515300273895264 0.6512799859046936 0.6510400176048279 0.6508299708366394 0.6506199836730957 0.65038001537323 0.6501200199127197 0.6498100161552429 0.6494699716567993 0.6491000056266785 0.6487500071525574 0.6484500169754028 0.6481500267982483 0.6477400064468384 0.6470699906349182 0.6461099982261658 0.6449400186538696 0.6437699794769287 0.6425700187683105 0.6413400173187256 0.640030026435852 0.6387400031089783 0.637470006942749 0.6361299753189087 0.6347000002861023 0.6332299709320068 0.6313599944114685 0.6292600035667419 0.6273099780082703 0.6254500150680542 0.6237099766731262 0.6218600273132324 0.6202099919319153 0.6184099912643433 0.6164199709892273 0.6146500110626221
