gears/src/test/resources/formats/asc/SWAN_NURC_LigurianSeaL07_HSIGN.asc
NCOLS 278
NROWS 144
XLLCENTER 8.118000030517578
YLLCENTER 43.191001892089844
CELLSIZE 0.008999999478566561
NODATA_VALUE -9.0
[rows 40 to 59 of 144, columns 0 to 44 of 278]
-9.0 -9.0 -9.0 -9.0 -9.0 -9.0 -9.0 -9.0 -9.0 -9.0 -9.0 -9.0 -9.0 -9.0 -9.0 -9.0 -9.0 0.4591600000858307 0.5218600034713745 0.5440999865531921 0.5557500123977661 0.5627300143241882 0.5684300065040588 0.5731899738311768 0.5770000219345093 0.5799400210380554 0.5821999907493591 0.5841100215911865 0.5859299898147583 0.5878199934959412 0.5898600220680237 0.5920199751853943 0.5942699909210205 0.5964999794960022 0.5986199975013733 0.6005399823188782 0.6022199988365173 0.6036400198936462 0.6047599911689758 0.6056100130081177 0.6062700152397156 0.6068300008773804 0.607450008392334 0.608210027217865 0.6091700196266174
-9.0 -9.0 -9.0 -9.0 -9.0 -9.0 -9.0 -9.0 -9.0 -9.0 -9.0 -9.0 -9.0 -9.0 -9.0 -9.0 0.45194000005722046 0.5127500295639038 0.540090024471283 0.5517299771308899 0.5598300099372864 0.5665199756622314 0.5720900297164917 0.5766599774360657 0.5802900195121765 0.5831000208854675 0.585349977016449 0.5873399972915649 0.5892800092697144 0.5913199782371521 0.5935199856758118 0.5958200097084045 0.5981199741363525 0.6003100275993347 0.6023300290107727 0.6041200160980225 0.6056299805641174 0.6068300008773804 0.6077100038528442 0.6083300113677979 0.6088100075721741 0.6092699766159058 0.6098200082778931 0.6105300188064575 0.6114299893379211
-9.0 -9.0 -9.0 -9.0 -9.0 -9.0 -9.0 -9.0 -9.0 -9.0 -9.0 -9.0 -9.0 -9.0 -9.0 0.4409799873828888 0.5008599758148193 0.5310199856758118 0.5468599796295166 0.5565299987792969 0.5642399787902832 0.5706800222396851 0.5760499835014343 0.5804499983787537 0.5839400291442871 0.586679995059967 0.588949978351593 0.5909900069236755 0.5930500030517578 0.5952399969100952 0.59757000207901 0.5999600291252136 0.6022999882698059 0.6044800281524658 0.6064500212669373 0.6081200242042542 0.6094499826431274 0.610450029373169 0.6111400127410889 0.6116099953651428 0.6119800209999084 0.6123600006103516 0.6128399968147278 0.6134799718856812 0.6142899990081787
-9.0 -9.0 -9.0 -9.0 -9.0 -9.0 -9.0 -9.0 -9.0 -9.0 -9.0 -9.0 -9.0 -9.0 0.4187900125980377 0.47661998867988586 0.519819974899292 0.5393999814987183 0.5526300072669983 0.5616700053215027 0.5690600275993347 0.5752300024032593 0.5803800225257874 0.5845900177955627 0.5879600048065186 0.5906699895858765 0.5929499864578247 0.5950499773025513 0.5971999764442444 0.5995100140571594 0.6019300222396851 0.6043999791145325 0.6067900061607361 0.6089199781417847 0.6107900142669678 0.612339973449707 0.61353999376297 0.6143900156021118 0.6149500012397766 0.61531001329422 0.61558997631073 0.6159200072288513 0.6164000034332275 0.6170499920845032 0.6178600192070007
-9.0 -9.0 -9.0 -9.0 -9.0 -9.0 -9.0 -9.0 -9.0 -9.0 -9.0 -9.0 -9.0 0.3929100036621094 0.4360499978065491 0.4963099956512451 0.5307000279426575 0.547469973564148 0.5589200258255005 0.567359983921051 0.5742999911308289 0.5801299810409546 0.5850300192832947 0.5890799760818481 0.5923500061035156 0.5950000286102295 0.5972800254821777 0.5994200110435486 0.601610004901886 0.6039400100708008 0.6063799858093262 0.6088399887084961 0.6111900210380554 0.6132699847221375 0.6150799989700317 0.6165500283241272 0.6176599860191345 0.618399977684021 0.6188499927520752 0.61913001537323 0.6193699836730957 0.6197100281715393 0.6202200055122375 0.6209099888801575 0.621720016002655
-9.0 -9.0 -9.0 -9.0 -9.0 -9.0 -9.0 -9.0 -9.0 -9.0 -9.0 -9.0 -9.0 0.36357998847961426 0.45179998874664307 0.5112000107765198 0.5401899814605713 0.5552600026130676 0.5654299855232239 0.5732600092887878 0.5797399878501892 0.5852599740028381 0.5899500250816345 0.5938400030136108 0.5969799757003784 0.599560022354126 0.6018000245094299 0.6039100289344788 0.6060900092124939 0.6084200143814087 0.6108199954032898 0.6131600141525269 0.615369975566864 0.617389976978302 0.6191400289535522 0.6205300092697144 0.6215299963951111 0.622189998626709 0.6226000189781189 0.6228799819946289 0.6231399774551392 0.6234700083732605 0.6239299774169922 0.6245200037956238 0.625220000743866
-9.0 -9.0 -9.0 -9.0 -9.0 -9.0 -9.0 -9.0 -9.0 -9.0 -9.0 -9.0 -9.0 0.3614499866962433 0.46480000019073486 0.5232300162315369 0.5490700006484985 0.5625799894332886 0.5718600153923035 0.5791000127792358 0.5851500034332275 0.5903900265693665 0.5948699712753296 0.5985699892044067 0.6015599966049194 0.6039900183677673 0.6061099767684937 0.6081399917602539 0.6102399826049805 0.6124600172042847 0.6147500276565552 0.6170300245285034 0.6191800236701965 0.6211299896240234 0.6227800250053406 0.6240699887275696 0.6249799728393555 0.6255699992179871 0.6259599924087524 0.6262500286102295 0.626550018787384 0.6269400119781494 0.6274499893188477 0.6280699968338013 0.6287800073623657
-9.0 -9.0 -9.0 -9.0 -9.0 -9.0 -9.0 -9.0 -9.0 -9.0 -9.0 -9.0 -9.0 0.3777199983596802 0.4782699942588806 0.5337200164794922 0.5576500296592712 0.5699700117111206 0.5784500241279602 0.5851399898529053 0.5909199714660645 0.5959600210189819 0.6001399755477905 0.6034899950027466 0.6061599850654602 0.6083400249481201 0.610230028629303 0.6120399832725525 0.6139699816703796 0.6160899996757507 0.6183099746704102 0.6205300092697144 0.6226300001144409 0.6244800090789795 0.6260300278663635 0.6272199749946594 0.6280500292778015 0.6285899877548218 0.6289700269699097 0.6292999982833862 0.6296799778938293 0.6302099823951721 0.63086998462677 0.6316199898719788 0.6324099898338318
-9.0 -9.0 -9.0 -9.0 -9.0 -9.0 -9.0 -9.0 -9.0 -9.0 -9.0 -9.0 -9.0 0.40619999170303345 0.49570000171661377 0.543910026550293 0.5665599703788757 0.5778300166130066 0.5856599807739258 0.5922200083732605 0.5977699756622314 0.6024399995803833 0.6061699986457825 0.6090700030326843 0.611270010471344 0.6130599975585938 0.6146000027656555 0.6161500215530396 0.617900013923645 0.619920015335083 0.6220600008964539 0.624239981174469 0.6263099908828735 0.6280699968338013 0.6294999718666077 0.6305699944496155 0.631309986114502 0.6318100094795227 0.6322299838066101 0.6326299905776978 0.6330999732017517 0.6337599754333496 0.6345199942588806 0.6353800296783447 0.6362400054931641
-9.0 -9.0 -9.0 -9.0 -9.0 -9.0 -9.0 -9.0 -9.0 -9.0 -9.0 -9.0 -9.0 0.4368399977684021 0.5160800218582153 0.5553399920463562 0.5762199759483337 0.5862699747085571 0.5934399962425232 0.5994399785995483 0.6047999858856201 0.6091300249099731 0.6124200224876404 0.6147400140762329 0.6164600253105164 0.6177700161933899 0.6190199851989746 0.620419979095459 0.6220999956130981 0.6241099834442139 0.6262800097465515 0.6284700036048889 0.6305099725723267 0.6321799755096436 0.6335200071334839 0.6345199942588806 0.6352800130844116 0.6358500123023987 0.6363599896430969 0.6368299722671509 0.6373400092124939 0.6380699872970581 0.638949990272522 0.639959990978241 0.6408699750900269
-9.0 -9.0 -9.0 -9.0 -9.0 -9.0 -9.0 -9.0 -9.0 -9.0 -9.0 -9.0 -9.0 0.45952001214027405 0.5353299975395203 0.5683000087738037 0.5860599875450134 0.5948500037193298 0.6014800071716309 0.6073399782180786 0.6125199794769287 0.6165500283241272 0.6194999814033508 0.6214500069618225 0.6226599812507629 0.6238700151443481 0.6251800060272217 0.62677001953125 0.6286299824714661 0.6306800246238708 0.6328399777412415 0.6349499821662903 0.6367999911308289 0.6384099721908569 0.639710009098053 0.6407399773597717 0.6416699886322021 0.6423900127410889 0.642989993095398 0.6434400081634521 0.6439999938011169 0.6448299884796143 0.6458500027656555 0.6468999981880188 0.6477699875831604
-9.0 -9.0 -9.0 -9.0 -9.0 -9.0 -9.0 -9.0 -9.0 -9.0 0.35576000809669495 0.17539000511169434 -9.0 0.480540007352829 0.5590299963951111 0.5804600119590759 0.5956100225448608 0.60343998670578 0.6100599765777588 0.6157000064849854 0.6205899715423584 0.6242200136184692 0.626990020275116 0.6288300156593323 0.630050003528595 0.6313700079917908 0.6328200101852417 0.6346399784088135 0.6366099715232849 0.6385499835014343 0.6406099796295166 0.642490029335022 0.6440600156784058 0.6456000208854675 0.6468700170516968 0.6480100154876709 0.6491600275039673 0.649869978427887 0.6504899859428406 0.6508700251579285 0.6516100168228149 0.6525300145149231 0.6536300182342529 0.654420018196106 0.6552299857139587
-9.0 -9.0 -9.0 -9.0 -9.0 -9.0 -9.0 -9.0 -9.0 0.46355998516082764 0.5097799897193909 0.5435500144958496 0.5437300205230713 0.5714600086212158 0.5832300186157227 0.5938000082969666 0.6040499806404114 0.6114799976348877 0.6176900267601013 0.6229699850082397 0.6272199749946594 0.6304799914360046 0.6328700184822083 0.6345199942588806 0.6355999708175659 0.6368600130081177 0.6383799910545349 0.6400899887084961 0.6419900059700012 0.643750011920929 0.6454499959945679 0.6468899846076965 0.6481500267982483 0.6496099829673767 0.6509100198745728 0.6519799828529358 0.6528300046920776 0.6531999707221985 0.6536200046539307 0.6541600227355957 0.6548500061035156 0.6557199954986572 0.6566799879074097 0.6575300097465515 0.658270001411438
-9.0 -9.0 -9.0 -9.0 -9.0 -9.0 -9.0 0.4229399859905243 0.4766800105571747 0.5013099908828735 0.5299299955368042 0.5510799884796143 0.5673699975013733 0.5819600224494934 0.5936700105667114 0.6039199829101562 0.6118699908256531 0.618120014667511 0.6233000159263611 0.6276400089263916 0.631060004234314 0.6335899829864502 0.6353399753570557 0.6364499926567078 0.6371899843215942 0.637910008430481 0.6388400197029114 0.6400399804115295 0.6414499878883362 0.6427800059318542 0.6441100239753723 0.6452400088310242 0.6461499929428101 0.6470500230789185 0.6476600170135498 0.6481299996376038 0.6484799981117249 0.6484900116920471 0.6484799981117249 0.6486300230026245 0.6489199995994568 0.6494699716567993 0.6501200199127197 0.6507499814033508 0.6512500047683716
-9.0 -9.0 -9.0 -9.0 -9.0 -9.0 0.34415000677108765 0.4345499873161316 0.4873499870300293 0.5125200152397156 0.5394799709320068 0.5616199970245361 0.5795000195503235 0.593529999256134 0.6045799851417542 0.6131100058555603 0.6195200085639954 0.6245499849319458 0.6286900043487549 0.6321099996566772 0.6347900032997131 0.6366900205612183 0.6378800272941589 0.6385599970817566 0.638949990272522 0.6392899751663208 0.6398299932479858 0.6406000256538391 0.6416000127792358 0.6427299976348877 0.643809974193573 0.6446599960327148 0.6452599763870239 0.6456699967384338 0.6458500027656555 0.6458899974822998 0.645829975605011 0.645550012588501 0.6453999876976013 0.6454600095748901 0.6457099914550781 0.6461799740791321 0.6466500163078308 0.647059977054596 0.6473100185394287
-9.0 -9.0 -9.0 -9.0 -9.0 -9.0 0.2647700011730194 0.4042699933052063 0.49136999249458313 0.5194100141525269 0.5497599840164185 0.5749099850654602 0.5937600135803223 0.6066200137138367 0.6154999732971191 0.6218000054359436 0.626550018787384 0.6303600072860718 0.6335700154304504 0.6362299919128418 0.6382499933242798 0.6396300196647644 0.6404200196266174 0.6408100128173828 0.6410300135612488 0.6412299871444702 0.6416500210762024 0.6423100233078003 0.6431499719619751 0.644070029258728 0.6449000239372253 0.6455100178718567 0.6458500027656555 0.6459199786186218 0.6457700133323669 0.6455100178718567 0.6452400088310242 0.6450099945068359 0.6449599862098694 0.6451200246810913 0.6454399824142456 0.6458200216293335 0.6461499929428101 0.6463599801063538 0.6464099884033203
-9.0 -9.0 -9.0 -9.0 -9.0 -9.0 4.6493001718772575E-5 0.31804001331329346 0.4944300055503845 0.5293200016021729 0.5662199854850769 0.5931299924850464 0.6095799803733826 0.6192100048065186 0.6252099871635437 0.6293799877166748 0.6327000260353088 0.6355900168418884 0.6381300091743469 0.6402400135993958 0.6417999863624573 0.6427900195121765 0.643280029296875 0.6434599757194519 0.6435700058937073 0.6437699794769287 0.6442099809646606 0.6449099779129028 0.6457399725914001 0.64656001329422 0.6472200155258179 0.6476399898529053 0.6477699875831604 0.6476399898529053 0.6473199725151062 0.6469299793243408 0.6466000080108643 0.6464200019836426 0.6464200019836426 0.6466000080108643 0.6468899846076965 0.6471800208091736 0.647379994392395 0.6474199891090393 0.6473100185394287
-9.0 -9.0 -9.0 -9.0 -9.0 -9.0 -9.0 9.76939991232939E-5 0.4979499876499176 0.5479199886322021 0.5896700024604797 0.6131700277328491 0.6241999864578247 0.6297000050544739 0.6331499814987183 0.6358500123023987 0.638260006904602 0.640500009059906 0.6425300240516663 0.6442099809646606 0.645389974117279 0.6460599899291992 0.6463000178337097 0.6463199853897095 0.6463599801063538 0.64656001329422 0.6470199823379517 0.6477000117301941 0.6484900116920471 0.6492199897766113 0.6497600078582764 0.6500099897384644 0.6499900221824646 0.6497300267219543 0.6493099927902222 0.6488800048828125 0.6485499739646912 0.6483700275421143 0.6483799815177917 0.6485300064086914 0.6487500071525574 0.6489199995994568 0.6489800214767456 0.6488800048828125 0.6486300230026245
-9.0 -9.0 -9.0 -9.0 -9.0 -9.0 -9.0 -9.0 0.5017099976539612 0.5831699967384338 0.6175100207328796 0.6307100057601929 0.6354299783706665 0.6378499865531921 0.6398100256919861 0.6416800022125244 0.6435099840164185 0.6452699899673462 0.6468700170516968 0.6481599807739258 0.6489999890327454 0.6493499875068665 0.6493499875068665 0.6492300033569336 0.6492099761962891 0.649399995803833 0.6498500108718872 0.6505299806594849 0.6512899994850159 0.6519399881362915 0.6523699760437012 0.6525099873542786 0.6523799896240234 0.6520299911499023 0.6515799760818481 0.6511499881744385 0.6508600115776062 0.6507300138473511 0.6507700085639954 0.6509199738502502 0.6510900259017944 0.651170015335083 0.6511099934577942 0.650879979133606 0.6505100131034851
-9.0 -9.0 -9.0 -9.0 0.5456200242042542 0.6310300230979919 0.5974500179290771 0.5806499719619751 0.6179699897766113 0.6293200254440308 0.636929988861084 0.6412000060081482 0.6431599855422974 0.6444900035858154 0.6457800269126892 0.6470900177955627 0.6484100222587585 0.6497300267219543 0.6509400010108948 0.6518700122833252 0.6523900032043457 0.6524400115013123 0.6522499918937683 0.6520299911499023 0.6519899964332581 0.6521700024604797 0.652649998664856 0.6533399820327759 0.6540799736976624 0.6546400189399719 0.6549599766731262 0.6549999713897705 0.6547799706459045 0.6543800234794617 0.6539199948310852 0.6535199880599976 0.6532899737358093 0.6532599925994873 0.6533899903297424 0.6535900235176086 0.6537700295448303 0.6537700295448303 0.6536099910736084 0.6532800197601318 0.6528199911117554
