gears/src/test/resources/formats/asc/SWAN_NURC_LigurianSeaL07_HSIGN.asc
NCOLS 278
NROWS 144
XLLCENTER 8.118000030517578
YLLCENTER 43.191001892089844
CELLSIZE 0.008999999478566561
NODATA_VALUE -9.0
[rows 60 to 79 of 144, columns 45 to 89 of 278]
0.6546900272369385 0.654259979724884 0.6539499759674072 0.6537799835205078 0.6537600159645081 0.6538199782371521 0.6539199948310852 0.6539700031280518 0.6538900136947632 0.6537200212478638 0.6534600257873535 0.6531599760055542 0.6528800129890442 0.652649998664856 0.6525300145149231 0.6524999737739563 0.6525300145149231 0.6526299715042114 0.6527299880981445 0.6528099775314331 0.6528499722480774 0.6528000235557556 0.6526700258255005 0.6524900197982788 0.6522200107574463 0.6519799828529358 0.6517400145530701 0.6514999866485596 0.6512200236320496 0.6509299874305725 0.650600016117096 0.6502500176429749 0.649869978427887 0.6494500041007996 0.6490200161933899 0.648580014705658 0.6481599807739258 0.6477800011634827 0.6474499702453613 0.6471800208091736 0.6469699740409851 0.6467900276184082 0.646619975566864 0.6464499831199646 0.6462699770927429
0.6570000052452087 0.6566799879074097 0.656499981880188 0.6564300060272217 0.6564199924468994 0.6564599871635437 0.656499981880188 0.656470000743866 0.6563400030136108 0.6560999751091003 0.6557599902153015 0.6553999781608582 0.6550700068473816 0.6548200249671936 0.6546900272369385 0.6546499729156494 0.6546800136566162 0.6547600030899048 0.6548500061035156 0.6549000144004822 0.6548500061035156 0.6547200083732605 0.6545199751853943 0.6543099880218506 0.6541200280189514 0.6539599895477295 0.6538199782371521 0.6536800265312195 0.6535099744796753 0.6532999873161316 0.6530299782752991 0.6527000069618225 0.6523000001907349 0.6518499851226807 0.6513800024986267 0.6509400010108948 0.6505299806594849 0.650160014629364 0.6498299837112427 0.6495500206947327 0.6493099927902222 0.6491000056266785 0.6489099860191345 0.6487200260162354 0.6485199928283691
0.6591100096702576 0.6589499711990356 0.6589300036430359 0.6589699983596802 0.6590499877929688 0.6591299772262573 0.6591600179672241 0.6590999960899353 0.6589099764823914 0.6585900187492371 0.6581699848175049 0.6577799916267395 0.6574699878692627 0.657289981842041 0.6571999788284302 0.6571800112724304 0.6571999788284302 0.657260000705719 0.6573100090026855 0.6572999954223633 0.6571900248527527 0.6570000052452087 0.6567999720573425 0.6566100120544434 0.656470000743866 0.6563900113105774 0.6563299894332886 0.65625 0.6561200022697449 0.6559299826622009 0.6556900143623352 0.6553900241851807 0.6550300121307373 0.6546400189399719 0.6542400121688843 0.6538400053977966 0.6534600257873535 0.6531000137329102 0.6527699828147888 0.6524800062179565 0.652209997177124 0.6519500017166138 0.6517000198364258 0.6514700055122375 0.6512500047683716
0.660860002040863 0.6609200239181519 0.661080002784729 0.6612600088119507 0.6614300012588501 0.6615399718284607 0.6615599989891052 0.6614500284194946 0.6611800193786621 0.6607699990272522 0.6603400111198425 0.6600000262260437 0.6597999930381775 0.6597200036048889 0.6596900224685669 0.6596599817276001 0.6596300005912781 0.659600019454956 0.6595100164413452 0.6593499779701233 0.6591100096702576 0.6588299870491028 0.6585699915885925 0.6583799719810486 0.6582800149917603 0.6582499742507935 0.6582300066947937 0.6581500172615051 0.6580100059509277 0.6578199863433838 0.6575899720191956 0.6573200225830078 0.657010018825531 0.6566900014877319 0.6563500165939331 0.6560099720954895 0.6556900143623352 0.6553900241851807 0.6551200151443481 0.6548399925231934 0.6545400023460388 0.6542199850082397 0.6538900136947632 0.6535999774932861 0.6533600091934204
0.6629999876022339 0.6632999777793884 0.6636300086975098 0.6639099717140198 0.6640999913215637 0.6641700267791748 0.6641200184822083 0.6639099717140198 0.6635500192642212 0.6631399989128113 0.6628199815750122 0.6626600027084351 0.6626499891281128 0.6626999974250793 0.6626999974250793 0.6626099944114685 0.6624400019645691 0.6622200012207031 0.661899983882904 0.6615200042724609 0.661080002784729 0.6606799960136414 0.6603800058364868 0.6601999998092651 0.6601600050926208 0.6601499915122986 0.6600599884986877 0.659850001335144 0.6595600247383118 0.6592199802398682 0.6588799953460693 0.6585500240325928 0.6582099795341492 0.6578800082206726 0.6575700044631958 0.657289981842041 0.657069981098175 0.6568800210952759 0.6566699743270874 0.6563699841499329 0.6559699773788452 0.6555500030517578 0.6551600098609924 0.6548399925231934 0.6545699834823608
0.6672700047492981 0.6678299903869629 0.6682900190353394 0.6686199903488159 0.668749988079071 0.6686999797821045 0.6684899926185608 0.6681299805641174 0.6678500175476074 0.66771000623703 0.6678199768066406 0.6680899858474731 0.6683499813079834 0.6684799790382385 0.6684399843215942 0.6682000160217285 0.6676499843597412 0.6669800281524658 0.6662300229072571 0.6654999852180481 0.6649600267410278 0.6646000146865845 0.6644399762153625 0.6644600033760071 0.6645100116729736 0.6643999814987183 0.6640899777412415 0.6635800004005432 0.6629400253295898 0.6622899770736694 0.6616899967193604 0.6611700057983398 0.6607800126075745 0.6604999899864197 0.660319983959198 0.6602299809455872 0.6601799726486206 0.66007000207901 0.6597999930381775 0.6593700051307678 0.6588900089263916 0.6584699749946594 0.6581199765205383 0.6578400135040283 0.6575499773025513
0.6744800209999084 0.6751400232315063 0.6756100058555603 0.6758900284767151 0.6759600043296814 0.6758900284767151 0.6756299734115601 0.6752899885177612 0.6753900051116943 0.6758800148963928 0.6766999959945679 0.677590012550354 0.6780099868774414 0.67808997631073 0.6779199838638306 0.6774899959564209 0.6767399907112122 0.6758900284767151 0.675000011920929 0.674239993095398 0.6739500164985657 0.6739500164985657 0.6742600202560425 0.6746900081634521 0.6747099757194519 0.6742799878120422 0.6736699938774109 0.6729400157928467 0.6720700263977051 0.6712200045585632 0.6704000234603882 0.66975998878479 0.6695399880409241 0.6695799827575684 0.6697700023651123 0.6700299978256226 0.6700999736785889 0.6698899865150452 0.6693999767303467 0.6688699722290039 0.6684899926185608 0.6682800054550171 0.6681600213050842 0.6679700016975403 0.6676300168037415
0.6824700236320496 0.6828799843788147 0.6831899881362915 0.6833699941635132 0.6834800243377686 0.683489978313446 0.6833000183105469 0.6831300258636475 0.6839600205421448 0.6853399872779846 0.6869699954986572 0.6882799863815308 0.688319981098175 0.6881099939346313 0.6877899765968323 0.6872299909591675 0.6865100264549255 0.6857900023460388 0.6851500272750854 0.6846500039100647 0.6850500106811523 0.6856799721717834 0.686680018901825 0.6875100135803223 0.6870399713516235 0.6862199902534485 0.6854400038719177 0.6846299767494202 0.6837800145149231 0.6829599738121033 0.6821500062942505 0.6817299723625183 0.6819700002670288 0.6825100183486938 0.6830800175666809 0.6836900115013123 0.6836299896240234 0.6831499934196472 0.682479977607727 0.6821399927139282 0.6820999979972839 0.6822100281715393 0.6823099851608276 0.682129979133606 0.6817499995231628
0.6811500191688538 0.681689977645874 0.6822100281715393 0.6825799942016602 0.6826500296592712 0.6826300024986267 0.6825500130653381 0.6826300024986267 0.683430016040802 0.6844199895858765 0.685509979724884 0.6864500045776367 0.6865900158882141 0.6865100264549255 0.6862499713897705 0.6858800053596497 0.6855599880218506 0.6851800084114075 0.6847599744796753 0.684499979019165 0.6848499774932861 0.6854100227355957 0.6860700249671936 0.6864699721336365 0.6859700083732605 0.685259997844696 0.6844800114631653 0.6837000250816345 0.6832200288772583 0.6827200055122375 0.682200014591217 0.6818699836730957 0.6821600198745728 0.6826900243759155 0.6833099722862244 0.6837800145149231 0.6834700107574463 0.6830300092697144 0.6825699806213379 0.6822800040245056 0.6824899911880493 0.6826800107955933 0.6828399896621704 0.6827700138092041 0.6823400259017944
0.6701899766921997 0.6704599857330322 0.6706699728965759 0.6707599759101868 0.670710027217865 0.6706399917602539 0.6705499887466431 0.670490026473999 0.6707000136375427 0.6709499955177307 0.6712700128555298 0.6715400218963623 0.6715199947357178 0.6714299917221069 0.6712499856948853 0.670989990234375 0.6706799864768982 0.6703000068664551 0.6698899865150452 0.669510006904602 0.6693300008773804 0.669189989566803 0.6690800189971924 0.6688899993896484 0.6683700084686279 0.6678400039672852 0.6672700047492981 0.6667100191116333 0.6662399768829346 0.6657400131225586 0.6652200222015381 0.6647599935531616 0.6644799709320068 0.6642799973487854 0.6642100214958191 0.6641600131988525 0.6639099717140198 0.663640022277832 0.6633899807929993 0.6632300019264221 0.6631699800491333 0.6630799770355225 0.6630100011825562 0.6628599762916565 0.6625699996948242
0.6669399738311768 0.6670500040054321 0.6670799851417542 0.6670200228691101 0.6668999791145325 0.6667699813842773 0.6666799783706665 0.6666100025177002 0.6665999889373779 0.6665899753570557 0.6665800213813782 0.6665499806404114 0.666450023651123 0.6662899851799011 0.6660799980163574 0.6658099889755249 0.6654899716377258 0.665149986743927 0.6647999882698059 0.6644399762153625 0.6640999913215637 0.6637600064277649 0.6634100079536438 0.6630300283432007 0.6625999808311462 0.6621299982070923 0.661620020866394 0.661080002784729 0.6605499982833862 0.6600199937820435 0.6594799757003784 0.6589499711990356 0.6584399938583374 0.6579899787902832 0.6576700210571289 0.6574500203132629 0.6572700142860413 0.6570799946784973 0.6568400263786316 0.6565999984741211 0.6563599705696106 0.6560999751091003 0.6558499932289124 0.6556199789047241 0.6553800106048584
0.6670799851417542 0.6671000123023987 0.6670500040054321 0.6669099926948547 0.6667400002479553 0.6665800213813782 0.6664599776268005 0.6663900017738342 0.6663399934768677 0.6662799715995789 0.6662099957466125 0.666100025177002 0.6659299731254578 0.6657199859619141 0.6654499769210815 0.6651399731636047 0.6648300290107727 0.6645299792289734 0.6642400026321411 0.6639599800109863 0.663670003414154 0.6633800268173218 0.6630600094795227 0.6627100110054016 0.662310004234314 0.6618499755859375 0.6613399982452393 0.6608200073242188 0.6603000164031982 0.6597999930381775 0.659280002117157 0.6587499976158142 0.6581900119781494 0.6576600074768066 0.6573399901390076 0.6571300029754639 0.6569100022315979 0.6566399931907654 0.6563100218772888 0.6559399962425232 0.6555600166320801 0.6551799774169922 0.6548200249671936 0.6545000076293945 0.6542199850082397
0.6672099828720093 0.6671900153160095 0.6670799851417542 0.6669099926948547 0.6667199730873108 0.6665599942207336 0.6664400100708008 0.6663500070571899 0.6662700176239014 0.666159987449646 0.6660199761390686 0.6658400297164917 0.6656299829483032 0.665369987487793 0.665090024471283 0.6647999882698059 0.6645100116729736 0.6642600297927856 0.6640200018882751 0.6637899875640869 0.6635599732398987 0.6633099913597107 0.6630499958992004 0.6627500057220459 0.6624000072479248 0.6619899868965149 0.6615599989891052 0.6611300110816956 0.6607099771499634 0.660290002822876 0.6598600149154663 0.6593999862670898 0.6588900089263916 0.6584299802780151 0.6582199931144714 0.6580100059509277 0.6577200293540955 0.6573699712753296 0.6569600105285645 0.6565300226211548 0.6560900211334229 0.6556699872016907 0.6552600264549255 0.6548900008201599 0.6545600295066833
0.6675300002098083 0.6674500107765198 0.6672899723052979 0.667110025882721 0.6669300198554993 0.6667900085449219 0.666670024394989 0.6665700078010559 0.666450023651123 0.6662700176239014 0.6660599708557129 0.6658099889755249 0.6655499935150146 0.6653000116348267 0.6650500297546387 0.6648200154304504 0.6646000146865845 0.6643900275230408 0.6641899943351746 0.6639900207519531 0.6637799739837646 0.6635599732398987 0.663320004940033 0.6630499958992004 0.6627699732780457 0.6624900102615356 0.6621999740600586 0.6619099974632263 0.6616100072860718 0.6612899899482727 0.6609500050544739 0.6605700254440308 0.6601899862289429 0.6597999930381775 0.6594200134277344 0.6590399742126465 0.6586400270462036 0.6582099795341492 0.6577600240707397 0.6573100090026855 0.6568700075149536 0.656440019607544 0.656029999256134 0.6556199789047241 0.6552600264549255
0.6686000227928162 0.6685000061988831 0.6683599948883057 0.668179988861084 0.6680200099945068 0.6678900122642517 0.6677700281143188 0.6676499843597412 0.6674900054931641 0.6672700047492981 0.6669999957084656 0.6666899919509888 0.6664100289344788 0.6661400198936462 0.665910005569458 0.6657000184059143 0.6654999852180481 0.6652799844741821 0.6650599837303162 0.6648399829864502 0.6646199822425842 0.6643999814987183 0.6641799807548523 0.6639599800109863 0.6637300252914429 0.6635000109672546 0.6632699966430664 0.6630300283432007 0.6627900004386902 0.6625199913978577 0.6622300148010254 0.6619099974632263 0.6615700125694275 0.6612100005149841 0.6608499884605408 0.6604899764060974 0.6601200103759766 0.6597200036048889 0.6593000292778015 0.6588799953460693 0.6584799885749817 0.658079981803894 0.6576700210571289 0.6572700142860413 0.6568800210952759
0.670229971408844 0.6701200008392334 0.6699699759483337 0.6697999835014343 0.6696500182151794 0.669510006904602 0.6693900227546692 0.6692500114440918 0.6690499782562256 0.6687800288200378 0.6684499979019165 0.6680999994277954 0.6677899956703186 0.6675199866294861 0.6672999858856201 0.6671000123023987 0.6668800115585327 0.6666499972343445 0.6664100289344788 0.6661499738693237 0.665880024433136 0.6656299829483032 0.6653900146484375 0.6651800274848938 0.6649699807167053 0.6647599935531616 0.6645500063896179 0.6643400192260742 0.664139986038208 0.6639099717140198 0.6636599898338318 0.6633800268173218 0.6630600094795227 0.6627500057220459 0.6624299883842468 0.6621099710464478 0.6617799997329712 0.6614300012588501 0.6610599756240845 0.6607000231742859 0.6603400111198425 0.6599799990653992 0.659600019454956 0.6592000126838684 0.658810019493103
0.6722400188446045 0.6721600294113159 0.6720399856567383 0.6718999743461609 0.6717600226402283 0.6716300249099731 0.6714900135993958 0.6713299751281738 0.6711099743843079 0.6708300113677979 0.670490026473999 0.6701599955558777 0.6698600053787231 0.6696100234985352 0.669409990310669 0.6692100167274475 0.6689900159835815 0.6687300205230713 0.6684399843215942 0.6681399941444397 0.6678400039672852 0.6675599813461304 0.6673200130462646 0.6670899987220764 0.6668800115585327 0.6666600108146667 0.666450023651123 0.6662499904632568 0.6660500168800354 0.6658400297164917 0.6655899882316589 0.6653000116348267 0.6650099754333496 0.6647099852561951 0.6644200086593628 0.6641299724578857 0.6638299822807312 0.6635400056838989 0.6632500290870667 0.6629499793052673 0.6626499891281128 0.6623299717903137 0.6619899868965149 0.6615999937057495 0.6612100005149841
0.6742100119590759 0.6741799712181091 0.6741099953651428 0.6740000247955322 0.6738899946212769 0.6737599968910217 0.6736099720001221 0.6734300255775452 0.6732100248336792 0.672950029373169 0.6726599931716919 0.6723899841308594 0.6721500158309937 0.6719599962234497 0.671779990196228 0.6715700030326843 0.6712999939918518 0.670989990234375 0.6706600189208984 0.6703199744224548 0.6700199842453003 0.6697499752044678 0.6694999933242798 0.6692699790000916 0.6690400242805481 0.6687999963760376 0.6685900092124939 0.6683899760246277 0.668179988861084 0.6679400205612183 0.6676599979400635 0.6673600077629089 0.6670600175857544 0.6667799949645996 0.6664900183677673 0.6662300229072571 0.6659799814224243 0.6657500267028809 0.6655200123786926 0.6652799844741821 0.6650199890136719 0.6647300124168396 0.6643999814987183 0.6640099883079529 0.6636000275611877
0.6757699847221375 0.6757799983024597 0.6757400035858154 0.6756500005722046 0.6755399703979492 0.6754099726676941 0.6752499938011169 0.6750800013542175 0.6748999953269958 0.6747099757194519 0.6745200157165527 0.6743699908256531 0.674239993095398 0.6741099953651428 0.6739299893379211 0.6736900210380554 0.6733800172805786 0.6730499863624573 0.6726999878883362 0.6723799705505371 0.6720799803733826 0.67180997133255 0.6715700030326843 0.6713299751281738 0.6711000204086304 0.6708700060844421 0.6706600189208984 0.67044997215271 0.6702100038528442 0.669920027256012 0.6695799827575684 0.6692399978637695 0.668910026550293 0.6686199903488159 0.6683899760246277 0.6681900024414062 0.6680099964141846 0.6678299903869629 0.6676200032234192 0.667389988899231 0.6671299934387207 0.6668199896812439 0.6664699912071228 0.6660799980163574 0.6656699776649475
0.6768100261688232 0.6768900156021118 0.6768900156021118 0.6768199801445007 0.6767200231552124 0.676609992980957 0.6764900088310242 0.6763899922370911 0.6763100028038025 0.6762700080871582 0.6762599945068359 0.6762599945068359 0.6762199997901917 0.6760900020599365 0.6758700013160706 0.6755800247192383 0.6752499938011169 0.6749100089073181 0.6745799779891968 0.6742799878120422 0.6740300059318542 0.6738100051879883 0.6736199855804443 0.6734300255775452 0.6732199788093567 0.6729900240898132 0.6727399826049805 0.6724799871444702 0.6721600294113159 0.6718000173568726 0.6714100241661072 0.6710399985313416 0.6707500219345093 0.6705399751663208 0.6703699827194214 0.6702399849891663 0.6700800061225891 0.6698899865150452 0.6696500182151794 0.6693900227546692 0.6690899729728699 0.6687700152397156 0.6684100031852722 0.6680200099945068 0.667639970779419
