hmachine/src/test/resources/Output/krigings/RasterCase/krigings.asc
NCOLS 25
NROWS 22
XLLCORNER 1675000.0
YLLCORNER 5077780.0
CELLSIZE 20.0
NODATA_VALUE -9999
0.6098606835407255 0.6097118441881236 0.6095354545500471 0.6093259450549998 0.6090768941579587 0.6087811290128807 0.6084310053078993 0.6080189211628544 0.6075380673839532 0.606983314554917 0.6063520214454323 0.6056445002170288 0.6048639617589106 0.6040159627635656 0.603107560275642 0.6021464380795827 0.6011401996049374 0.6000959034628058 0.5990198246490743 0.5979173817114597 0.5967931660357502 0.5956510232155404 0.5944941536605042 0.5933252136678424 0.0
0.6088765128801726 0.6087540737851284 0.608605909127063 0.6084260037030549 0.6082071385234062 0.6079408905990925 0.6076178630235053 0.6072282758369425 0.6067629946021997 0.6062149003633127 0.6055802448886517 0.6048594691724163 0.6040571059045137 0.6031808133659018 0.602239977381301 0.6012443896778439 0.600203306557195 0.5991249395764338 0.5980162820456756 0.5968831405871211 0.5957302660370961 0.5945615166530502 0.5933800180666761 0.5921883045299177 0.0
0.607858864960619 0.6077639536563911 0.6076459445684238 0.6074985520113647 0.6073138738226533 0.6070821942907838 0.606792037548239 0.6064307334414707 0.6059857627741364 0.6054468976763517 0.6048085818440401 0.6040714695037583 0.6032422383951386 0.6023317909672974 0.601352846130755 0.600317935099304 0.5992382263713462 0.5981230860737119 0.596980093045606 0.5958152625236867 0.594633327610443 0.5934380058241865 0.5922322242830051 0.5910182995617984 0.0
0.606802061592228 0.6067351291634492 0.606648605611013 0.6065362414260933 0.6063897530702377 0.6061983018890645 0.6059481415662046 0.6056228743276031 0.6052049927073111 0.6046791921569494 0.6040367662732112 0.6032787480815287 0.6024155171738538 0.6014631802873869 0.6004392503831051 0.5993596866162887 0.5982376661104598 0.5970834983873216 0.5959050378300755 0.5947082086234795 0.5934974781406267 0.5922762335260512 0.5910470648681732 0.5898119727935772 0.0
0.6056998101884596 0.6056602843868168 0.6056055138053209 0.605529734401604 0.6054248452529971 0.6052794505732557 0.6050777718808972 0.6047989697610409 0.6044182331793756 0.6039115670255025 0.6032643057774799 0.6024782210077019 0.6015705925661043 0.6005661973402993 0.5994893120324252 0.5983597868899154 0.5971924630561088 0.5959980104700195 0.5947840136220063 0.5935558823833319 0.5923175177656543 0.5910717732240983 0.5898207685435313 0.5885661031437982 0.0
0.6045454178678836 0.6045313213795062 0.6045069294304818 0.6044675036937959 0.6044059599522847 0.6043114929111575 0.6041674816067885 0.603948854040575 0.6036207204065994 0.6031435697909128 0.6024901909697823 0.6016639904898798 0.6006964234020107 0.599627071110484 0.5984889786202623 0.5973053474152303 0.5960914516436596 0.5948572295224107 0.593609225862003 0.5923518449046884 0.5910881239184818 0.5898202091836915 0.5885496527035416 0.587277600845977 0.0
0.6033321741550977 0.6033397908147519 0.6033421622428228 0.6033360491831496 0.6033163066703252 0.6032743997088967 0.6031955455945224 0.6030533869189745 0.6028020267411329 0.602374098997371 0.6017120089941717 0.6008235009914357 0.5997728660374448 0.5986241757345594 0.5974188130095144 0.5961802602314544 0.5949217407957752 0.5936509601746695 0.5923726124850577 0.5910896849194108 0.5898041551200119 0.5885173788327176 0.5872303142846865 0.5859436571094938 0.0
0.6020539083535447 0.6020776281217394 0.602100497374485 0.6021209257748845 0.6021362512283236 0.6021417061829519 0.6021280007246655 0.6020751069999766 0.6019354927940643 0.601599667686171 0.6009223534521391 0.5999263379686934 0.5987623987175767 0.5975249616397295 0.5962538335868058 0.5949660632757332 0.5936697380874646 0.5923690945729972 0.5910665420101109 0.589763544524352 0.5884610412060932 0.5871596618319983 0.5858598448422341 0.5845619053716172 0.0
0.6007056652563294 0.6007381499890615 0.6007726691919612 0.6008088821742608 0.6008461931321374 0.6008834709400679 0.6009183017930694 0.6009445503649327 0.600941561789803 0.6008013150050157 0.6000850218904324 0.5988913226500975 0.5976002925772389 0.5962868029735894 0.5949665933830908 0.5936446831022113 0.5923231417944542 0.5910029760002506 0.5896847349568706 0.5883687451794304 0.5870552142463519 0.5857442815407082 0.5844360450637802 0.5831305765153517 0.0
0.5992843661897906 0.5993171092473037 0.59935260367905 0.5993908376448982 0.5994317825102926 0.5994753739568555 0.5995214598766115 0.5995696188272527 0.5996182121054531 0.5996506238810688 0.5988759839286641 0.5975455869039269 0.5962073823104013 0.5948702310322013 0.5935353490401468 0.5922030928307431 0.5908736086481227 0.5895469704888106 0.5882232219886895 0.5869023921640598 0.5855845022522885 0.5842695690180255 0.5829576064871228 0.5816486269170656 0.0
0.5977892747906488 0.5978134771143484 0.5978388051271637 0.5978645044214024 0.5978892792236729 0.5979107215302177 0.597923852279169 0.597916727599413 0.5978542000371029 0.5976115268545193 0.5969108167741317 0.5958041643034335 0.5945561748544332 0.5932635795723065 0.5919541959728304 0.5906379255801611 0.5893190492192114 0.5879996975630613 0.5866810462783734 0.5853637968773754 0.5840483945072471 0.582735136087138 0.581424228069344 0.5801158191787831 0.0
0.5962221156539527 0.5962296470951427 0.5962347292564828 0.5962351261085407 0.5962271674518644 0.5962044674544908 0.5961551368251041 0.5960554361929682 0.595856091629418 0.5954652933170725 0.5947850459090029 0.5938295828104817 0.592704365640452 0.5914924153941554 0.5902363778909957 0.5889568424388474 0.5876642674776045 0.5863643590072575 0.5850604456395303 0.5837545840004866 0.582448107812647 0.5811419180101791 0.5798366446517605 0.5785327416891826 0.0
0.5945868042475676 0.5945709735102055 0.5945479454699559 0.594513838580247 0.5944626318193755 0.5943846652342873 0.5942639992572711 0.5940741567318826 0.5937733922341522 0.5933073752078407 0.592634218194368 0.5917593600706476 0.5907303495465495 0.5896001374586204 0.5884072071841895 0.5871755349240717 0.5859195373495085 0.5846479993593923 0.5833664397853882 0.5820784473227416 0.5807864349249046 0.5794920755454191 0.5781965614679341 0.5769007635276489 0.0
0.5928888811160286 0.5928448374042623 0.5927885196866137 0.5927147135617284 0.5926158147901777 0.5924806030847788 0.5922925637379894 0.5920281712793938 0.591656879924375 0.5911465056537696 0.5904760840319455 0.5896481942345496 0.5886872859735759 0.587626052549648 0.5864938495055743 0.5853127217539218 0.5840979945852904 0.5828600628418592 0.5816059883793412 0.5803406352956878 0.5790674174034843 0.5777887795710088 0.576506508016006 0.5752219326714183 0.0
0.591134824669267 0.5910595803628799 0.5909673209287186 0.5908520258138127 0.5907054343382749 0.5905162711265309 0.5902694948084507 0.5899460966263158 0.5895245105893171 0.5889848094244682 0.5883152067795419 0.5875171133102087 0.5866044890079649 0.5855980868930863 0.5845192156680101 0.5833861511563243 0.5822131547504312 0.5810108521473484 0.5797870164481936 0.5785473197027257 0.5772959261688131 0.5760359255159834 0.5747696391366715 0.5734988344835541 0.0
0.5893314110564716 0.5892235973754222 0.5890947541256898 0.5889385707233881 0.588746864069889 0.5885092031744048 0.5882127539826759 0.5878427115487659 0.5873837987603242 0.58682305777303 0.58615326818382 0.5853752823846657 0.584497737234964 0.583534345878056 0.5825004934862781 0.581410688517306 0.5802773119933631 0.5791103403114262 0.5779175679529455 0.5767049987298648 0.5754772390967307 0.5742378315615018 0.5729895166964735 0.5717344316546236 0.0
0.5874852240189481 0.5873447247291983 0.5871800557424849 0.5869850102810673 0.5867519350493122 0.5864716258287433 0.586133472637169 0.5857260564632387 0.5852383686541779 0.5846616005333288 0.5839910323824223 0.583227218366666 0.5823758437911403 0.5814463340870801 0.5804499270487752 0.5793979745057217 0.5783008538763208 0.5771674785585305 0.5760052176748257 0.5748200305168885 0.5736166818611836 0.5723989651995233 0.571169901787903 0.5699319057717455 0.0
0.5856023428313893 0.5854299194457043 0.5852310444531109 0.584999865626168 0.5847294764125818 0.5844119654612878 0.58403867726438 0.5836007783560792 0.5830901668652206 0.5825006215699562 0.5818288982600051 0.5810753779702773 0.5802439902122677 0.5793414455047693 0.5783760975471209 0.577356824563438 0.5762921858516482 0.5751899227011056 0.5740567480500554 0.5728983274801487 0.571719363858269 0.5705237248801776 0.569314578105429 0.5680945159152575 0.0
0.5836881858079637 0.5834851567409384 0.5832541501002726 0.5829897998643614 0.5826860074860356 0.5823360643071263 0.5819329319412213 0.5814697169176272 0.5809403285838123 0.5803402285499389 0.5796670960463821 0.5789212049447324 0.5781053796537622 0.5772245460142394 0.5762850324042126 0.5752938268581486 0.5742579514132121 0.5731840275039897 0.5720780309401247 0.5709451950440174 0.5697900114210973 0.5686162854686366 0.5674272164224742 0.5662254833408741 0.0
0.5817474663889238 0.5815154610397677 0.5812545745842892 0.5809599754256908 0.5806263462649655 0.5802480311688528 0.5798192935430544 0.5793346934373532 0.5787895599179427 0.5781804901249783 0.577505769345561 0.5767656016587736 0.5759620831999831 0.5750989261716718 0.5741810136387048 0.573213898244655 0.5722033448543735 0.5711549764580315 0.5700740398052846 0.5689652778257512 0.5678328828180276 0.5666805031711146 0.5655112811134301 0.5643279053442487 0.0
0.579784219116293 0.5795250037552615 0.5792364931699944 0.578914386632205 0.578554079039116 0.5781508071003412 0.5776998705978995 0.5771969253359129 0.576638323480337 0.5760214532577769 0.5753450135400171 0.5746091610352293 0.5738154933444415 0.572966872226713 0.5720671306038477 0.5711207279015141 0.5701324160801957 0.5691069598412908 0.568048930661348 0.5669625747157534 0.5658517431322151 0.564719868722413 0.5635699738574549 0.5624046969616182 0.0
0.5778018622874591 0.5775172245828014 0.577203249357426 0.5768561346031271 0.5764719032211694 0.5760465365166152 0.5755761573690317 0.5750572556579181 0.5744869356111577 0.5738631520480892 0.5731848954174916 0.572452289155792 0.5716665785408004 0.5708300134804151 0.5699456500229476 0.5690171087871634 0.5680483297233251 0.567043353955754 0.5660061503273468 0.5649404918070579 0.5638498780541314 0.5627374957482372 0.5616062069563414 0.5604585565345125 0.0
.348713254220799 5.517847742273007 5.673527974831895 5.8171747471169635 0.0
0577220355449 5.107245287636682 5.251907249737327 0.0
