hmachine/src/test/resources/Output/krigings/RasterCase/krigings_19940101_0000.asc
NCOLS 25
NROWS 22
XLLCORNER 1675000.0
YLLCORNER 5077780.0
CELLSIZE 20.0
NODATA_VALUE -9999
0.5958292275437087 0.5958286313123708 0.5957365800336247 0.5953546839973723 0.5947323725167234 0.5941754932138413 0.5936285359397521 0.5927236030169043 0.5917715634880588 0.5908018555489416 0.5898156422962249 0.588842063724496 0.587881815616485 0.5869354333426502 0.5860033115015901 0.5850035993402213 0.584019772536351 0.5830250523147728 0.5821003238129366 0.5812442077984966 0.5804814613005244 0.5798097420623414 0.579200665081025 0.5786009560372108 0.0
0.5944153376266885 0.5943605089584204 0.5942407271121586 0.5941096360050424 0.5936265014422039 0.5930686758426624 0.5923496394404757 0.5914970617344557 0.590596982595827 0.5896788903019732 0.5887437803819466 0.5878209057452287 0.5869108475848491 0.5860420361926081 0.5851307948902317 0.5842336488175368 0.5832958402609699 0.5823459287388346 0.5814385873863959 0.5805463033451548 0.579721917936651 0.5789636849525335 0.5782956861506627 0.5776635181843645 0.0
0.5930090175712123 0.5929266972279896 0.5928067748404577 0.5926191365410849 0.5923613132472125 0.5918877474328391 0.591137287271179 0.590338282502948 0.5894625396025569 0.5885684324942783 0.5876855026353421 0.5868143643086793 0.585955483876276 0.585109194455267 0.5842757083782149 0.5834272103521639 0.5825365850405178 0.5816600764824882 0.5807431400961576 0.579814144139935 0.5789538819382831 0.5781340689643906 0.5773797031347486 0.5767144957300638 0.0
0.5916660233720297 0.5915282590729508 0.591408177788342 0.5912201812740193 0.5909617495335904 0.5906594357340406 0.5899639593672297 0.5891906710010021 0.5883399005532504 0.5874993029179151 0.5866406536464133 0.5858222456586129 0.584986854423279 0.5841921300450231 0.5833810685758485 0.5825542080804337 0.5817121104027726 0.5808553559157165 0.5799570646195943 0.5790458484642063 0.5781492793126023 0.5772937535715891 0.5764780641211776 0.5757529312360609 0.0
0.5903041063186194 0.5901660006561736 0.5899891385826319 0.5898003074736919 0.5895984614174242 0.5893824929035664 0.5888885007468379 0.5880248836807576 0.5872288757123936 0.5864136501983938 0.5856089617628858 0.5847862457673937 0.5840038860914242 0.5832042345561528 0.5824163976231412 0.5816119923602853 0.5807915390536466 0.57995558464174 0.5790770198730508 0.578184661342568 0.5772791543763377 0.5763879363457337 0.5755371682139845 0.5747516364257582 0.0
0.5889231024879472 0.5887841855837415 0.5886064747480374 0.5884168455543325 0.5881853258387982 0.5879392845246849 0.5875603536657977 0.5868107429372503 0.5860410540342892 0.5852811491552389 0.5845021654715864 0.5837046355396412 0.5829181984653328 0.5821430310244875 0.5813504289085847 0.5805694708079167 0.5797716999906429 0.5789295063440042 0.5780999058502011 0.5772275396881689 0.5763684032742987 0.5754413650312769 0.5745554271974613 0.5738142446304922 0.0
0.5875228940549203 0.5873544712721519 0.5871751722329533 0.5869840119056637 0.5867509430941537 0.586532623172351 0.5862991323647384 0.5856059848701914 0.584833583386112 0.58410030082755 0.5833181272208672 0.5825464450557991 0.5817854915173564 0.581006293760837 0.5802093442271522 0.5794238845860148 0.5786498163875711 0.5778304288728744 0.5770509527783981 0.5762271512570447 0.5754973827719311 0.5744523552090293 0.5734245200829122 0.5723872651829217 0.0
0.5860475014058689 0.5858766784367871 0.5856950364129011 0.5855015955049241 0.5853243538669117 0.5851043562614203 0.5849577168086865 0.5843806269561446 0.583605671597004 0.582840195941179 0.5820846346162446 0.5813098346280261 0.5805456303339763 0.5797629504335391 0.578991310223565 0.5782018420063946 0.5774236354361262 0.5766564843478165 0.575928165066727 0.5750706308510205 0.5740606966757724 0.5729584882055146 0.5718749838715902 0.5707835634223929 0.0
0.5845248533108627 0.5843508734015644 0.5841661327143799 0.5839984433078459 0.5837894579451208 0.5835958691614722 0.5833286934620303 0.5829855799157271 0.5823268636529311 0.5815588496424109 0.5808006101437873 0.5800229309394651 0.5792557223678222 0.5784698539018883 0.5776949117221057 0.576901973057161 0.5761201913454185 0.5752925784346185 0.5744485920530137 0.5735332599146349 0.5725217591334031 0.5714451037300632 0.5703597456358039 0.5692665016319909 0.0
0.5829831538224495 0.5828055616216208 0.5826172580327328 0.5824460257898938 0.5822626072923596 0.5820366243235559 0.5817956785586473 0.5815681994155502 0.5810557483607963 0.5802853342164519 0.5794948669026004 0.5787144710964153 0.5779149802890329 0.5771262360356194 0.5763483108661764 0.5755522670484109 0.5747672799784612 0.5739079478322692 0.5730046286454988 0.5720589550968483 0.5710178276799204 0.5699664385244381 0.5688789334208432 0.5677835549592238 0.0
0.581450572814823 0.5812692148143167 0.5810771764090417 0.5808735051335712 0.5806861162032836 0.5804563122378611 0.5802410115602871 0.5799509093365113 0.579613497780084 0.5789893828429805 0.5781668397555957 0.5773543632753 0.5765522990303433 0.575760853149025 0.5749801016384672 0.5742099979880536 0.5733644567622511 0.5725022951256294 0.5715680605873434 0.5705921051558485 0.5695488665703129 0.5684953626920892 0.5674324405158406 0.5663609021760128 0.0
0.5798994510059758 0.5797138987383907 0.5794893704720552 0.5793098801409621 0.5790894693620205 0.578884452126862 0.5786358067697943 0.5783417528735926 0.5780006486959375 0.5776110406946556 0.5768160199835002 0.5760012220717318 0.5751966570456132 0.5744025379777382 0.573589918680637 0.5728170127339124 0.5719686944142326 0.5711036830170045 0.5701386463270127 0.5691602166514875 0.5681145951178542 0.5670586813885754 0.5659933268226726 0.5649193375372826 0.0
0.5783577702164605 0.5781399513811925 0.5779109529826869 0.5776983277012787 0.5774731555046656 0.5772343934977803 0.5769809442338294 0.5767116587257917 0.5764253411226398 0.5761502926763661 0.5755009918489757 0.5746544822793815 0.5738182118601187 0.5729924831911487 0.5722063978532864 0.5714019035392852 0.5705795405185873 0.5697116640967805 0.5687439380750303 0.567735168484113 0.5666872480304352 0.5656558737103032 0.5645877787024698 0.5635110125798787 0.0
0.5767979642066284 0.5765477491362249 0.5763139096938388 0.5760680299965972 0.575809181752424 0.5755651209126705 0.5753064832710952 0.575032145608888 0.5747409403049999 0.5744316617934603 0.5740149186804526 0.5732255423347481 0.572387446687033 0.5715887022892083 0.5708001202715068 0.5700216659310984 0.5691964125898861 0.5683256630248331 0.5673553172964522 0.5663439601881922 0.5652934906301003 0.5642326218003264 0.5631622189906214 0.5620570645968794 0.0
0.5752203518368573 0.5749377027814571 0.5746707939816127 0.5743914153260764 0.5741270207239978 0.5738773095079461 0.5735844263617601 0.5733045265709182 0.5730079537112778 0.5727226290883976 0.5725059214682359 0.5718314707996902 0.5709915426068388 0.5701617079943231 0.5693708085946376 0.5685898200607404 0.5678185912839557 0.5670568540898356 0.5659997464293559 0.5649309204858571 0.5638783610469983 0.5627887033926323 0.5617164346777449 0.560609498909395 0.0
0.5736252854426036 0.573310253281312 0.5730380202561092 0.5727533643949902 0.5724554376259937 0.5721716545009776 0.5718731502676339 0.5715875366409506 0.5712854178756 0.5709944857164455 0.570684867647069 0.5702685471738488 0.5695140284734106 0.5687399403168032 0.5679467306016008 0.5671349025129917 0.566333039475974 0.5655131777156908 0.5645934215920417 0.5635500635301686 0.5624683968520741 0.5613504052150236 0.560250263779321 0.5591420136956755 0.0
0.5720131473604295 0.5716931078718068 0.5713880283490947 0.5710978146151114 0.5707943945758112 0.5704769091277345 0.5701726794616402 0.5698528636374742 0.5695449168346588 0.5692480731499202 0.568961370799401 0.568712257499964 0.568070316366852 0.5672657431328593 0.5664705846999243 0.5656567903473156 0.5648527125297356 0.5640581693592355 0.5632455972646025 0.5621190922003564 0.5610095674671985 0.5598907581380503 0.5587895005533773 0.5576800498871946 0.0
0.5704111420032737 0.5700860822862003 0.5697757942499921 0.5694527337059374 0.5691437517269602 0.568792984144163 0.5684829269630234 0.5681573955663143 0.5678435803309431 0.5675124743393469 0.5671912650041784 0.5668505750869892 0.5664326606711343 0.5657397853461252 0.5649430318821069 0.5641554391482319 0.5633218009563726 0.5625252270461973 0.5617106627620065 0.5606117080032538 0.5595023520916965 0.5584096196296464 0.5572820609652444 0.5561722417365313 0.0
0.5688190031038121 0.5684889045927095 0.5681733618960276 0.5678450707516036 0.567503273869038 0.5671471982246166 0.5668037032186377 0.566444573424763 0.5660967835380156 0.5657596410832452 0.5654322780649976 0.5650577223226255 0.5646628173580711 0.5641630567323319 0.5633926939341748 0.562575973806265 0.5617684785481285 0.5609430602954321 0.5601269648839694 0.5590558368854225 0.557973574566848 0.5568811483609356 0.5557540465276127 0.5546443239719254 0.0
0.567236381646753 0.5669012185467801 0.5665536399563977 0.5662198703880924 0.5658726355797007 0.5655111763396101 0.5651347232053829 0.5647425015184832 0.5643887732045013 0.5640179278520457 0.563656622560597 0.5632763001276757 0.5629034664591823 0.5625093827744695 0.5618197914322456 0.5610018933282825 0.5601660600664394 0.5593395154693935 0.5584956809848145 0.5574525089907153 0.5563975281574802 0.5553061961077458 0.5542055155393504 0.5531211660713455 0.0
0.5656628480826285 0.565296327056438 0.5649699166215181 0.5646307862282293 0.5642782009623875 0.563884499999017 0.5634756119854523 0.563050846984469 0.5626638726547036 0.5622598238833223 0.5618651071915433 0.5614788529677834 0.5610728489812676 0.5606461130933691 0.5601438382335007 0.5593789780234716 0.5585689758977189 0.5577149494291097 0.5568182115565131 0.5558287348570183 0.5548007955912666 0.5537361492635973 0.5526365816996249 0.5515774636475227 0.0
0.5640978936360808 0.5637265174541551 0.5633946732945373 0.5630500985449581 0.5626656059390521 0.5622666655266435 0.5618525958406357 0.5613959537925743 0.5609495518899094 0.5605129019758208 0.5600853784819436 0.5596930277753098 0.5592544358859594 0.5587956183521651 0.5582892517657957 0.5576824243836809 0.5569241985418439 0.5560956820475658 0.5552500807684247 0.5542610521701653 0.5532338687810129 0.5521454312640665 0.5510719298715583 0.5500132979833297 0.0
