hmachine/src/test/resources/Output/krigings/RasterCase/krigings_19940101_0100.asc
NCOLS 25
NROWS 22
XLLCORNER 1675000.0
YLLCORNER 5077780.0
CELLSIZE 20.0
NODATA_VALUE -9999
0.8272198405845546 0.8261127966595698 0.8251583618182285 0.8246899352373835 0.8246255332543736 0.824452804200765 0.8242648068246692 0.8246769456915479 0.8251679525069449 0.8256883772950011 0.8262361118900357 0.8267626905276054 0.8272671078324649 0.8277486350354455 0.8282067844918578 0.828776174729366 0.829319240833433 0.829879939156346 0.8303263101482559 0.830661413589737 0.8308457482083144 0.8308838669904265 0.8308223297425599 0.8307477544423011 0.0
0.8286594174724218 0.8276385535751601 0.8267262004030722 0.8258329797691328 0.8255308567058478 0.825355288607495 0.8254512079225481 0.8257716473135089 0.8261719904927148 0.8266027012090996 0.8270619768845818 0.8275011002743717 0.8279192444818742 0.8282695238424196 0.8286905043626489 0.8290886615241972 0.8295541966052091 0.8300398394311256 0.8304559941177169 0.830848075735029 0.831130137288818 0.8313056662473453 0.8313360398246763 0.8313101788511283 0.0
0.8300874785984741 0.8291080523279772 0.8281914740919463 0.8273885757749052 0.826703997552049 0.826382538027858 0.8265269619418081 0.8267536640498556 0.8271095218306539 0.8274965231860343 0.8278653103052926 0.8282149810467418 0.8285448868772592 0.8288546062539756 0.8291439219686472 0.8294589478367789 0.82984432676644 0.8302070905258335 0.8306370326029502 0.8310872489723764 0.8314254681914218 0.831698581537003 0.8318662190789767 0.831890271291924 0.0
0.8314109901054612 0.8305195396989429 0.8295986602239577 0.828791783947736 0.8281036410654585 0.8274900440710172 0.8275379609812356 0.8277175046096408 0.8280277277131906 0.8283215697102999 0.8286462547965414 0.8289045110339862 0.8291919187725009 0.829412566802271 0.8296614011939325 0.829937453120306 0.8302397109030488 0.8305671294333878 0.830963932520769 0.8313826770012089 0.8317779975033925 0.83210682728689 0.8323715646555732 0.832489749854364 0.0
0.8327671876920365 0.831871661670144 0.8310411890840672 0.830231170520394 0.829443481825253 0.8286801091754182 0.8283850773294559 0.8287123619297654 0.8289268453390652 0.8291743888356208 0.8294051450538317 0.8296669265046377 0.8298622727838434 0.8300875158741498 0.8302941626191054 0.8305294893907562 0.8307925606408748 0.8310823928302808 0.8314437222516865 0.831828652428335 0.8322360212241958 0.8326206446060136 0.8329397962172443 0.8331533030651516 0.0
0.8341563792018897 0.8332576023387633 0.8324239340686815 0.8316106194686885 0.8308681054312825 0.8301506803364566 0.8296575996484287 0.8297890515353502 0.8299552163813517 0.8301059577409545 0.8302897114251014 0.8305055177336096 0.8307037855215186 0.8308843294896062 0.8310951024897257 0.8312876377230897 0.8315093597672466 0.8318060254047335 0.8320828596691453 0.8324315819956895 0.8327594067757309 0.8332001867644965 0.8335740495940065 0.8337112692205835 0.0
0.8355787899124216 0.8347247928180088 0.8338892710572507 0.8330739915663576 0.8323295275730308 0.8315609327793729 0.8308185165541577 0.8308507093376439 0.8310172530780799 0.8311191075002403 0.8313040935274358 0.8314725266272162 0.831624111408074 0.8318073710317159 0.8320214203607186 0.8322174503103493 0.8323957431491363 0.8326507078963244 0.8328405814106201 0.8331053439993069 0.8332156701193015 0.8338487631642241 0.834453285603897 0.8350731834894932 0.0
0.8371279160364823 0.8362735457342588 0.8354375394632225 0.8346216549090848 0.8337790024196571 0.8330086333248968 0.832115385969144 0.8319477682504995 0.8321143884383652 0.8322660458969849 0.8324021022394628 0.8325715282714389 0.832724301348796 0.8329091546157268 0.833076713803291 0.8332752641020699 0.8334562615367542 0.833620167169291 0.8337209097830308 0.834037851904685 0.8346083633803139 0.8353313283614033 0.8360227065591631 0.8367264540410534 0.0
0.838757091106567 0.8379037188338607 0.8370685977619907 0.8362052251764523 0.8354114570916956 0.8345923304095091 0.8338975280565126 0.8333314501913086 0.8332979769013762 0.8334495738551412 0.8335857822316814 0.8337557106569261 0.833909172049916 0.8340950339071811 0.8342637665788516 0.834463782265474 0.8346463942597763 0.8349066443932194 0.8351952640125241 0.8356034168429856 0.8361715453098367 0.8368472883750897 0.8375368115953727 0.838238634238096 0.0
0.8404191950636073 0.8395676177646281 0.8387341946740134 0.8378724937675979 0.83703151958563 0.8362624375792974 0.8355191349524095 0.8347538686831808 0.8344695433001398 0.8346208620589863 0.8348069021129292 0.8349770228764116 0.8351802321539855 0.8353664830807362 0.835535763370687 0.835736534958484 0.8359200488679294 0.8362287385693346 0.8366115709523455 0.837065469719616 0.8376779306776492 0.8383071181856006 0.8389954498797273 0.8396960443944635 0.0
0.8420672330418716 0.8412176737062619 0.8403862040013385 0.8395745327882458 0.8387359692440259 0.837969003696778 0.8371782618687743 0.836514012211975 0.8359303748473753 0.8358308457462971 0.8360664878804319 0.836286082600669 0.8364891537662229 0.8366754626358802 0.8368449906562003 0.8369979254115651 0.8372781030523556 0.8375869946585175 0.838016756940142 0.8385163418588142 0.8391276263986984 0.8397556307938087 0.8403988227300508 0.8410557501152259 0.0
0.8437473437953189 0.8429005513969676 0.8421191280870765 0.8412627742857722 0.8404752781929985 0.8396624540746329 0.8389234159740234 0.8382614614297643 0.8376796264820981 0.8371805962455854 0.8373654644372941 0.8375845337231709 0.8377873623780965 0.8379736990729967 0.8381921156853861 0.8383452018595279 0.8386255207519027 0.8389346730236283 0.8394112311976446 0.839910391170971 0.8405211104958392 0.8411485863793801 0.8417912786671757 0.8424477281101319 0.0
0.8454128885597898 0.8446156598125638 0.8438374569757252 0.843032310526523 0.8422485848562531 0.8414881509001745 0.8407529772831432 0.8400451249075441 0.8393667385525831 0.83867029055878 0.8386052848235771 0.8388733175513154 0.8391249554581908 0.8393598008169836 0.8395292298074439 0.8397306380602096 0.8399630559572353 0.8402725184412144 0.8407491473886637 0.8412942900832855 0.841904345610375 0.8424868256539924 0.8431296976541274 0.8437863820845161 0.0
0.8471098100636134 0.846362339218332 0.845588002282981 0.8448342272230038 0.8441026810259149 0.8433469855342322 0.8426163442687311 0.8419127720047466 0.84123836297773 0.8405952792850062 0.8401341539542411 0.8403014304405326 0.8405515544493019 0.8407365561663025 0.840905618587259 0.8410589078383618 0.841291679148788 0.8416014882258067 0.8420781022369206 0.8426231971550393 0.8432331611202915 0.8438600536564953 0.8445023096237073 0.8452012116232324 0.0
0.8488375517508733 0.8481398683928985 0.8474165035836198 0.846714510721523 0.8459881109667293 0.8452377626721748 0.8445603561634305 0.8438619907988371 0.8431924322645765 0.8425048892267517 0.8417028093745391 0.8416720965262102 0.8419208002657076 0.8421534369311401 0.8423217915041261 0.8424747220950098 0.8426125894487239 0.8427359497716309 0.8433531762967124 0.8439895681827089 0.8445985969251756 0.845268679706706 0.8459095070780591 0.8466068478195699 0.0
0.8505954972050593 0.8499474721686511 0.8492287877585394 0.8485313803461704 0.8478567743092045 0.8471592512335094 0.8464870857628563 0.8457941425808221 0.8451296969324908 0.8444473937885797 0.8437974232112151 0.8433279408027409 0.8434283363153782 0.8435627601476836 0.8437304089355179 0.8439303799650434 0.844114820005185 0.8443305362567621 0.8447139739534927 0.8453036656654549 0.8459567058463107 0.8466692901311517 0.8473515911015685 0.848046512744812 0.0
0.8523829763896665 0.8517390200734998 0.8510708105436344 0.8503784716443291 0.8497088075511328 0.8490633624026731 0.8483965751265208 0.8477566892843602 0.847097839904394 0.8464212989444446 0.8457286703039739 0.8449738168924599 0.8448803298037384 0.8450612921168738 0.8452275318445631 0.8454261139871474 0.8456095708085882 0.8457783189741408 0.8459784425976576 0.8467022993368516 0.8473970934312832 0.8481064802418933 0.8487860751300176 0.8494784329545662 0.0
0.8541547733812962 0.853514878355476 0.8528510572755031 0.8522091557355941 0.8515445143257993 0.8509503253737403 0.8502890501609726 0.8496544655023918 0.8490011948106799 0.8483778131781801 0.8477388733459426 0.8471336739166179 0.8466593080959306 0.8466479314369337 0.8468120730763702 0.8469620159455346 0.8471901594232089 0.8473575086243098 0.8475561523146073 0.8482292820851041 0.8489190153307241 0.8495805163837457 0.8502988238475216 0.8509870253496844 0.0
0.8559113858660499 0.8552755552407075 0.8546161698071923 0.8539786484164478 0.8533643536553782 0.852774676262837 0.8521649047846612 0.8515821511038244 0.8509814451608398 0.8503639461821207 0.8497311094579623 0.8491784144861864 0.8486610839310854 0.8483209852800632 0.848436053015053 0.8486299207508006 0.8488094743965486 0.8490201333347263 0.849216424175366 0.849838182041334 0.8504780058327182 0.8511341396183635 0.8518468289973541 0.8525300189655675 0.0
0.8576534448725309 0.8570216950024674 0.8564112216756153 0.855778505469855 0.8551689307957671 0.8545838636260806 0.8540246882787742 0.8534927983033573 0.8528977119707577 0.8523322453066438 0.8517519419589753 0.8512046053282808 0.850645973109379 0.8501242343329649 0.8500990886753147 0.8502900574253486 0.8505120754839375 0.8507196649060269 0.8509572124667097 0.8515272340816241 0.8521166665644309 0.8527659213496566 0.8534299970073163 0.8540665717211047 0.0
0.8593817108775649 0.8587976461000577 0.8581476850693945 0.8575195113164108 0.8569144473667825 0.8563786444387854 0.8558690954075764 0.8553870425843613 0.8548430864093236 0.854328713165322 0.8537999360449394 0.8532582306197574 0.8527507964375342 0.8522793944271242 0.8519358549403598 0.8520330982883908 0.8522070027330484 0.8524554757249121 0.8527760550290717 0.8532514920787029 0.8537909008204357 0.8543909257924551 0.8550481350667811 0.8556382625035855 0.0
0.8610970715290361 0.8605166708435211 0.8598713611998485 0.8592478443193324 0.858691423790574 0.8581599129339662 0.8576545389731963 0.8572210949003242 0.8567717406923406 0.8563073203697115 0.8558289073679296 0.8552930711096731 0.8548356933029835 0.8544134947221306 0.8540722198597296 0.8539003430907889 0.8539827666020096 0.8541836802222681 0.8544141591546803 0.8548839032311917 0.8554170919979731 0.8560514141008058 0.8566605940268787 0.8572449562632639 0.0
