hmachine/src/test/resources/Input/krigings/RasterCase/dem.asc
ncols        25
nrows        22
xllcorner    1675000.000000000000
yllcorner    5077780.000000000000
cellsize     20.000000000000
NODATA_value  -9999
 661 644 630 626 630 631 631 643 656 669 682 694 705 715 724 735 745 755 762 766 766 762 755 747 737
 666 651 638 625 624 625 631 641 652 663 674 684 693 700 708 715 723 731 737 742 744 743 738 731 723
 670 656 643 632 623 621 628 636 646 656 665 673 680 686 691 696 702 707 713 719 722 723 721 715 708
 671 659 646 635 626 618 623 630 639 647 655 661 667 671 675 679 683 687 692 697 701 703 703 699 691
 672 660 649 638 627 616 614 624 631 638 644 650 654 658 661 664 667 670 674 678 682 685 686 684 686
 673 661 650 639 629 619 613 619 625 630 635 640 644 647 650 652 654 657 659 662 664 668 670 666 681
 674 663 652 641 631 620 609 613 619 623 628 632 635 638 641 643 644 646 646 647 644 652 659 666 681
 677 666 655 644 632 621 607 607 613 618 622 626 629 632 634 636 637 637 635 637 644 654 663 672 683
 681 670 659 647 636 624 614 606 608 613 617 621 624 627 629 631 632 634 636 640 647 656 665 674 684
 685 674 663 651 639 628 617 605 602 607 612 616 620 623 625 627 628 631 635 640 648 656 665 674 683
 688 677 666 655 643 632 620 610 601 601 607 612 616 619 621 622 625 628 633 639 647 655 663 671 680
 691 680 670 658 647 635 624 614 605 597 602 607 611 614 617 618 621 624 630 636 644 652 660 668 676
 693 683 673 662 651 640 629 618 607 595 595 601 606 610 612 614 616 619 625 632 640 647 655 663 672
 695 686 676 666 656 645 634 623 612 601 593 597 602 605 607 608 610 613 619 626 634 642 650 659 667
 697 689 680 671 661 650 640 629 618 606 591 591 596 600 602 603 603 602 611 620 628 637 645 654 663
 699 692 683 674 665 655 645 634 623 611 599 590 592 594 596 598 599 600 604 612 621 631 640 649 657
 701 694 686 677 668 659 649 639 628 616 603 588 586 589 591 593 594 594 594 605 615 625 634 643 652
 702 695 687 679 670 662 652 642 631 620 608 596 586 585 587 588 590 590 590 600 610 619 629 638 647
 702 695 687 679 671 663 654 645 635 624 612 601 590 582 583 585 586 587 587 596 605 614 624 633 641
 701 694 687 679 671 663 655 647 637 627 616 605 593 581 579 581 583 584 585 593 601 610 619 627 635
 699 693 685 677 669 662 655 648 639 630 620 609 598 587 578 578 579 581 584 590 597 605 614 621 629
 696 690 682 674 667 660 653 647 640 632 623 612 602 592 583 577 576 577 578 584 591 600 608 615 622
